0 0.6545853450031464 0.8754587660168777 0.14895906312327203 0.09733531735228311
0 0.6538459707722981 0.811917099350211 0.10593558667515121 0.0680137351120699
0 0.6180656774347226 0.7788109905006031 0.07024013956078766 0.04219929292912875
0 0.5959361387650863 0.7557895703287867 0.06512877333969651 0.050259669078696355
0 0.6040270543178139 0.7353929684894787 0.0660371102270299 0.03885592718211631
0 0.42292323477611615 0.8279228003910076 0.20942494313599885 0.19419702924721374
0 0.538136124549086 0.7985657832039427 0.04937044356036324 0.03798246419406558
0 0.54608158943345 0.7656691813646346 0.049418927116484684 0.04214913086073224
0 0.5426535672076925 0.7394637403877085 0.049467410672605655 0.04631579752739867
0 0.47673766587096544 0.7110244798722589 0.0567469564502422 0.04565627091800432
0 0.4950755556439353 0.6765904590671492 0.05168407378527249 0.057883313734238585
0 0.5677982880861172 0.6637451929732043 0.04968558667515121 0.06506579752739891
0 0.5818005485359353 0.704038214984329 0.04820756800339391 0.02751120609064562