0 0.35520833333333335 0.8416666666666667 0.14791666666666667 0.08958333333333333
0 0.35520833333333335 0.778125 0.10520833333333333 0.0625
0 0.390625 0.746875 0.06979166666666667 0.03854166666666667
0 0.4125 0.725 0.06458333333333334 0.046875
0 0.4041666666666667 0.7041666666666667 0.065625 0.035416666666666666
0 0.5864583333333333 0.80625 0.20729166666666668 0.18333333333333332
0 0.4708333333333333 0.7708333333333334 0.04895833333333333 0.035416666666666666
0 0.4625 0.7375 0.04895833333333333 0.03958333333333333
0 0.465625 0.7114583333333333 0.04895833333333333 0.04375
0 0.53125 0.6864583333333333 0.05625 0.042708333333333334
0 0.5125 0.6510416666666666 0.051041666666666666 0.05520833333333333
0 0.4395833333333333 0.634375 0.04895833333333333 0.0625
0 0.42604166666666665 0.6739583333333333 0.04791666666666667 0.025