0 0.6545853450031464 0.894300549317185 0.14895906312327203 0.1016576650560694
0 0.6538459707722981 0.8307588826505182 0.10593558667515121 0.0710880810140587
0 0.6180656774347226 0.7966178454774688 0.07024013956078766 0.04423871050767592
0 0.5959361387650863 0.7729572048705852 0.06512877333969651 0.05214689131556061
0 0.6040270543178139 0.7528041155779694 0.0660371102270299 0.04077358848731715
0 0.42292323477611615 0.8400071105206071 0.20942494313599885 0.2002544038461816
0 0.538136124549086 0.814028829918896 0.04937044356036324 0.039413100405882064
0 0.54608158943345 0.7813757406262802 0.049418927116484684 0.04357976707254873
0 0.5426535672076925 0.7550789824443443 0.049467410672605655 0.047746433739215395
0 0.47673766587096544 0.7247220606236939 0.0567469564502422 0.04729998060817664
0 0.4950755556439353 0.6908359430486417 0.05168407378527249 0.05937482808272823
0 0.5677982880861172 0.6801214117382534 0.04968558667515121 0.06649643373921539
0 0.5818005485359353 0.7208101416377526 0.04820756800339391 0.028911403234125763