0 0.582439700112346 0.8355736882780515 0.2815052245620256 0.2392369435931516
0 0.216651073648913 0.8849939195092641 0.22978481108408064 0.11959743837853788
0 0.30891164377544805 0.7775716108245156 0.10757043767844164 0.05416569463480035
0 0.3580396638116009 0.7455534459587977 0.09821967863598727 0.05778632973143587
0 0.33841162360836735 0.7185811792733077 0.09603332123308496 0.039956656049206646
0 0.3469085834051338 0.6899708178777246 0.06995529313009972 0.03218990168800933
0 0.37624493677462 0.6591053863265166 0.04289620075431202 0.034779143819030384
0 0.5072828283960955 0.6879192776794147 0.07430982721774532 0.06472424905246754
0 0.48457220986856697 0.6538373548506018 0.07934241360887266 0.03481926659137381
0 0.47227825800770495 0.61914873027731 0.05343407220870707 0.05621917889684293
0 0.39733280016218264 0.6141419828375587 0.057679521987396974 0.07000352626130114