0 0.5621916473133742 0.8987376984293668 0.28669454587816906 0.20252460314126636
0 0.1957482933941659 0.9173282138864811 0.23225822591700898 0.12629948539135777
0 0.2903852816935144 0.8232646747096908 0.10868589926976226 0.057303471190802216
0 0.3401922783504711 0.7983813071948141 0.09943213688742271 0.06064993163691336
0 0.3212189656030127 0.7685247607291968 0.09683354367903227 0.04275933025456761
0 0.3303706528555543 0.7411288329252462 0.07061002058587486 0.03423097964191347
0 0.3603859828458444 0.7145139189447524 0.0436479248702021 0.036028161671419666
0 0.49057515369131516 0.7624551393658633 0.0757162787894103 0.06688718240660498
0 0.46868900677476255 0.7250335241600608 0.08004563939470515 0.037134519195802324
0 0.4572195265248767 0.6885232491993201 0.05467077962517119 0.05777283524981461
0 0.38249231116461274 0.6725865994348758 0.059231468549234376 0.0716790380145061