0 0.5875 0.8697916666666666 0.28020833333333334 0.22291666666666668
0 0.221875 0.8979166666666667 0.22916666666666666 0.10625
0 0.31354166666666666 0.7958333333333333 0.10729166666666666 0.04791666666666667
0 0.3625 0.7666666666666667 0.09791666666666667 0.052083333333333336
0 0.34270833333333334 0.7385416666666667 0.09583333333333334 0.034375
0 0.35104166666666664 0.7104166666666667 0.06979166666666667 0.028125
0 0.3802083333333333 0.68125 0.042708333333333334 0.03229166666666667
0 0.5114583333333333 0.7177083333333333 0.07395833333333333 0.06041666666666667
0 0.48854166666666665 0.6822916666666666 0.07916666666666666 0.030208333333333334
0 0.47604166666666664 0.646875 0.053125 0.053125
0 0.4010416666666667 0.6375 0.057291666666666664 0.06666666666666667