0 0.4831616430398199 0.9079623695602592 0.33336868841549644 0.12806775851434365
0 0.8601830817724505 0.852226437047474 0.1685306870973856 0.10934637925717183
0 0.7435005099601938 0.7837467767459871 0.20065257510753393 0.10762662877387447
0 0.7725858320895845 0.7282537933427267 0.14738079117857197 0.07451332310177368
0 0.5396150507968444 0.7291891366402962 0.10628535508216312 0.11086041245065086
0 0.6382108320895845 0.7384361219767467 0.05016623386553505 0.0588392412183327
0 0.6434651548780307 0.687883592515986 0.037901451913739476 0.03817931397047071
0 0.5588160369566799 0.6619065482580138 0.12448711923946168 0.047855734719491255
0 0.5617093636994587 0.6303408171375791 0.08594545257279501 0.04493522185546984
0 0.6972728142950874 0.6493251551702258 0.04827567391627667 0.03792697510489092
0 0.6709570297070699 0.6189278752261674 0.04589522793403612 0.030477442878006872
0 0.5704282438009417 0.5878848226698257 0.05329123386553505 0.05907603955865876