0 0.46122851947407156 0.9157605021774136 0.3309667202373892 0.12229677512553631
0 0.8388807781322657 0.8666538955194928 0.1662742927482545 0.10646088756276816
0 0.7239936168773823 0.7961836112009806 0.19849322997772015 0.10417499630398623
0 0.7543163165530707 0.7412385059675436 0.1459007905839807 0.0719748209149247
0 0.5217337321376003 0.7381012882027583 0.1038833869040559 0.10907067709589408
0 0.6199413165530707 0.7490649584713225 0.04888033170957869 0.05799916135793666
0 0.6263602299733264 0.6986402672501872 0.03707653354954109 0.037540122772342956
0 0.5424632435016861 0.6712022145393526 0.12358941396077512 0.045700747251518695
0 0.546084439389346 0.6397095338415609 0.08504774729410845 0.043455950796946516
0 0.6809685454497524 0.6610497480044486 0.04747501785690744 0.037105157850155494
0 0.6554048923114453 0.6302141655245315 0.04526440800847264 0.02969215083459318
0 0.5557738116840035 0.5974361654304153 0.05200533170957868 0.05818117188128037