0 0.5552083333333333 0.9416666666666667 0.32916666666666666 0.103125
0 0.17708333333333334 0.9145833333333333 0.16458333333333333 0.096875
0 0.290625 0.8375 0.196875 0.09270833333333334
0 0.259375 0.784375 0.14479166666666668 0.06354166666666666
0 0.49166666666666664 0.7677083333333333 0.10208333333333333 0.103125
0 0.39375 0.784375 0.04791666666666667 0.05520833333333333
0 0.38645833333333335 0.734375 0.036458333333333336 0.035416666666666666
0 0.46979166666666666 0.7020833333333333 0.12291666666666666 0.03854166666666667
0 0.465625 0.6708333333333333 0.084375 0.03854166666666667
0 0.33125 0.7 0.046875 0.034375
0 0.35625 0.6677083333333333 0.04479166666666667 0.027083333333333334
0 0.4552083333333333 0.6291666666666667 0.051041666666666666 0.05520833333333333