0 0.45613414641577404 0.8724853066309123 0.158035733209777 0.15133254307885005
0 0.30941456226675046 0.9175688203182584 0.07581349921258251 0.05829667046665558
0 0.1333365197985299 0.9063004544657027 0.16358136140185628 0.10184242608260471
0 0.1723047834390826 0.8369748694844766 0.12822421475990092 0.0713136919220465
0 0.31624989402524867 0.8115373416055818 0.057900142648322134 0.08094387607604811
0 0.2465078347385324 0.7753341924262498 0.07466270514125407 0.05509883003754747
0 0.30600519372159074 0.7460799231229545 0.06391865626060232 0.04499542574646943
0 0.2837069156813404 0.726769100349249 0.05691799600636678 0.052818876076048106
0 0.42830347176184097 0.772383427091011 0.13509260338631723 0.08945906783002708
0 0.4175131344348745 0.7225510086083837 0.12061839745764567 0.0915643018225173
0 0.4230025615358783 0.6550611965623739 0.0620668093149888 0.08123523779247914
0 0.3334059966241483 0.6790780934215422 0.07171958414902353 0.060088642083557416