0 0.48541666666666666 0.8385416666666666 0.153125 0.140625
0 0.340625 0.89375 0.07395833333333333 0.053125
0 0.16458333333333333 0.8947916666666667 0.16041666666666668 0.090625
0 0.20104166666666667 0.8229166666666666 0.12604166666666666 0.0625
0 0.34375 0.7875 0.05520833333333333 0.07708333333333334
0 0.27291666666666664 0.75625 0.07291666666666667 0.05
0 0.33125 0.7229166666666667 0.0625 0.040625
0 0.30833333333333335 0.7052083333333333 0.05520833333333333 0.04895833333333333
0 0.45416666666666666 0.740625 0.13229166666666667 0.08020833333333334
0 0.44166666666666665 0.6916666666666667 0.11770833333333333 0.08333333333333333
0 0.44479166666666664 0.6239583333333333 0.059375 0.07708333333333334
0 0.35625 0.6541666666666667 0.06979166666666667 0.05520833333333333