0 0.5145833333333333 0.8085706004894043 0.153125 0.1495435156438411
0 0.659375 0.8553457795744797 0.07395833333333333 0.05743258238580087
0 0.8354166666666667 0.8461341867594513 0.16041666666666668 0.09996820686497661
0 0.7989583333333333 0.7763826428651278 0.12604166666666666 0.06984109110819597
0 0.65625 0.7492777900978234 0.05520833333333333 0.08029885257907192
0 0.7270833333333333 0.7139022182353663 0.07291666666666667 0.05424691221135305
0 0.66875 0.6839664146711153 0.0625 0.04426521046687384
0 0.6916666666666667 0.6649233374999282 0.05520833333333333 0.052173852579071915
0 0.5458333333333333 0.7088338285893007 0.13229166666666667 0.08791344548821674
0 0.5583333333333333 0.6591474531625926 0.11770833333333333 0.090189063045946
0 0.5552083333333333 0.5916211303526029 0.059375 0.0805415332768637
0 0.64375 0.6166724988578648 0.06979166666666667 0.05927323502134243