0 0.42337950697366744 0.8849454670996013 0.22773150405017853 0.18063108049073595
0 0.6176156239722647 0.8299714848267399 0.08006614906075336 0.08990625957581126
0 0.50123668894054 0.5903769057604878 0.04050595995057738 0.05849479645457218
0 0.5109622153776825 0.6095618706826755 0.03504299600636689 0.05089977891566614
0 0.5012466015853008 0.649630565411592 0.08159061379238158 0.04425493676582164
0 0.49279090926890917 0.6833885899660608 0.11954035498942517 0.08908672620483125
0 0.4700891784779302 0.7678746566139041 0.18589287102050314 0.11374228052838238
0 0.5977346993466043 0.6252989093623853 0.07042328687147972 0.05192089818022794
0 0.6372684252999873 0.6541827725589172 0.06133929328391072 0.05970819994353036
0 0.6566103507696106 0.6956777024032926 0.07362103847458741 0.054186242036905224
0 0.6059555863416403 0.7173398707767918 0.08461971796611654 0.07145961044805063
0 0.6951619300810381 0.7526865655998246 0.08465609376767039 0.0725012771147173
0 0.7981612521643439 0.8693542042983575 0.19095570114762098 0.10987896473395532