0 0.5447916666666667 0.9114583333333334 0.221875 0.16770833333333332
0 0.35208333333333336 0.8677083333333333 0.07708333333333334 0.08541666666666667
0 0.47708333333333336 0.6208333333333333 0.03854166666666667 0.05625
0 0.4666666666666667 0.640625 0.03333333333333333 0.04895833333333333
0 0.475 0.6802083333333333 0.08020833333333334 0.03958333333333333
0 0.4822916666666667 0.7135416666666666 0.11666666666666667 0.08229166666666667
0 0.5020833333333333 0.796875 0.18229166666666666 0.103125
0 0.37916666666666665 0.6614583333333334 0.06875 0.04791666666666667
0 0.3385416666666667 0.6927083333333334 0.059375 0.05625
0 0.3177083333333333 0.7354166666666667 0.071875 0.05
0 0.36770833333333336 0.7541666666666667 0.08229166666666667 0.06666666666666667
0 0.27708333333333335 0.7947916666666667 0.08229166666666667 0.06770833333333333
0 0.16979166666666667 0.9177083333333333 0.1875 0.09895833333333333