0 0.4552083333333333 0.9248330220530334 0.221875 0.15033395589393309
0 0.6479166666666667 0.9092287199212519 0.07708333333333334 0.0903563911160333
0 0.5229166666666667 0.6543433559493061 0.03854166666666667 0.05871986222468332
0 0.5333333333333333 0.6748025529469682 0.03333333333333333 0.05109443039251881
0 0.525 0.7138518620155053 0.08020833333333334 0.044723316881998446
0 0.5177083333333333 0.7467179241171418 0.11666666666666667 0.08976800637381596
0 0.4979166666666667 0.8287829498215837 0.18229166666666666 0.11480678079242068
0 0.6208333333333333 0.7012431410606635 0.06875 0.052322366851236764
0 0.6614583333333334 0.7350965093515459 0.059375 0.06005492288667422
0 0.6822916666666666 0.7791399033468702 0.071875 0.0546059592838688
0 0.6322916666666667 0.7946857577580919 0.08229166666666667 0.07194015628153091
0 0.7229166666666667 0.8411182716377525 0.08229166666666667 0.07298182294819758
0 0.8302083333333333 0.9577117805340234 0.1875 0.08457643893195316