0 0.4215564366933402 0.7293205892743663 0.10892807900368702 0.09499845157012056
0 0.767073031932377 0.8627722123382473 0.2350061103889542 0.09854841247611977
0 0.6661897343128587 0.7952100594632163 0.07254774729410846 0.03937800800975708
0 0.5808639794426931 0.7909956390303674 0.09166139448011279 0.060429517345635966
0 0.6587837013038367 0.7421820265754587 0.09137047673130923 0.0437628506789693
0 0.568226158554484 0.6797069981434583 0.04984926893904434 0.05161134845109056
0 0.5365163273854245 0.6467494123700639 0.04142502380920992 0.04630604800551481
0 0.48039360390052616 0.6401122737110334 0.040110621753039886 0.030668927116484685
0 0.49105718561120326 0.7451751563760032 0.0643598728351769 0.047614374230848
0 0.46514806764619193 0.7975493910460636 0.07713260822468028 0.06338482489921163
0 0.369187457797757 0.8059561795035175 0.08688943776998505 0.0853689129004844