0 0.5698974687674203 0.7212099319926384 0.10783708821144368 0.0962472412610649
0 0.22278075369976003 0.8668077822955091 0.23389087535688322 0.1012642269496297
0 0.3244641112335902 0.7956817663383794 0.07209922885729725 0.040214575860972226
0 0.40985047670332475 0.7884853380205089 0.0909704336450254 0.061484320288472345
0 0.33248837235821654 0.7423628058520831 0.09087346981484287 0.044817653621805675
0 0.42378536442231207 0.676687573836157 0.04925528506326747 0.052181184523657484
0 0.4558831034286135 0.6426026436184257 0.04089165053300216 0.04677889070402775
0 0.5120906817529087 0.6340017436692589 0.03975908027553932 0.031129645643240642
0 0.5002027659309363 0.7395010177320366 0.06381437743905517 0.048353948708009395
0 0.5255057779002569 0.791002469606481 0.07640528102985135 0.06426988943745376
0 0.621381532909295 0.7960635906807402 0.08590754605696607 0.08636309498453727