0 0.565625 0.734375 0.10729166666666666 0.09375
0 0.21770833333333334 0.871875 0.23333333333333334 0.09583333333333334
0 0.31979166666666664 0.803125 0.071875 0.03854166666666667
0 0.40520833333333334 0.7979166666666667 0.090625 0.059375
0 0.328125 0.75 0.090625 0.042708333333333334
0 0.4197916666666667 0.6864583333333333 0.04895833333333333 0.051041666666666666
0 0.45208333333333334 0.653125 0.040625 0.04583333333333333
0 0.5083333333333333 0.6458333333333334 0.03958333333333333 0.030208333333333334
0 0.49583333333333335 0.7510416666666667 0.06354166666666666 0.046875
0 0.5208333333333334 0.803125 0.07604166666666666 0.0625
0 0.6166666666666667 0.8104166666666667 0.08541666666666667 0.084375