0 0.42199664375 0.5042708328125001 0.35498322187500003 0.5042708328125001 0.35498322187500003 0.5645982140625 0.42199664375 0.5645982140625 0.42199664375 0.5042708328125001
0 0.23506711406249997 1 0.23506711406249997 0.8656547625 0.13208053749999998 0.8656547625 0.13208053749999998 1 0.23506711406249997 1
0 0.5868791953125 0.536130953125 0.5 0.536130953125 0.5 0.583273809375 0.5868791953125 0.583273809375 0.5868791953125 0.536130953125
0 0.49676174531250006 0.6020386906249999 0.325016778125 0.6020386906249999 0.325016778125 0.74813988125 0.49676174531250006 0.74813988125 0.49676174531250006 0.6020386906249999
0 0.5590687921875 0.74873511875 0.417307046875 0.74873511875 0.417307046875 0.8620386906249999 0.5590687921875 0.8620386906249999 0.5590687921875 0.74873511875
0 0.6741023484374999 0.49787202343750003 0.6102600671875 0.49787202343750003 0.6102600671875 0.55438988125 0.6741023484374999 0.55438988125 0.6741023484374999 0.49787202343750003
0 0.6846644296875 0.41071428593750003 0.49640939531250006 0.41071428593750003 0.49640939531250006 0.4813095234375 0.6846644296875 0.4813095234375 0.6846644296875 0.41071428593750003
0 0.4891023484375 0.395818453125 0.43049496718749997 0.395818453125 0.43049496718749997 0.4303125 0.4891023484375 0.4303125 0.4891023484375 0.395818453125
0 0.2015100671875 0.5191369046875 0.1608389265625 0.5191369046875 0.1608389265625 0.559494046875 0.2015100671875 0.559494046875 0.2015100671875 0.5191369046875
0 0.116191275 0.64029761875 0.05776845625 0.64029761875 0.05776845625 0.6971428578125 0.116191275 0.6971428578125 0.116191275 0.64029761875
0 0.406652684375 0.3830654765625 0.3585822140625 0.3830654765625 0.3585822140625 0.40991071406249996 0.406652684375 0.40991071406249996 0.406652684375 0.3830654765625
0 0.3232550328125 0.342678571875 0.2399328859375 0.342678571875 0.2399328859375 0.377619046875 0.3232550328125 0.377619046875 0.3232550328125 0.342678571875
0 0.25711409375 0.376696428125 0.21835570468749999 0.376696428125 0.21835570468749999 0.398005953125 0.25711409375 0.398005953125 0.25711409375 0.376696428125
0 0.6012500000000001 0.3618005953125 0.54193791875 0.3618005953125 0.54193791875 0.401413690625 0.6012500000000001 0.401413690625 0.6012500000000001 0.3618005953125
0 0.7364177859375001 0.376696428125 0.6773741609374999 0.376696428125 0.6773741609374999 0.41842261875000003 0.7364177859375001 0.41842261875000003 0.7364177859375001 0.376696428125
0 0.7469630875 0.342693453125 0.7025335578125 0.342693453125 0.7025335578125 0.3793303578125 0.7469630875 0.3793303578125 0.7469630875 0.342693453125
0 0.7632634234375 0.31717261875 0.6953607374999999 0.31717261875 0.6953607374999999 0.3521130953125 0.7632634234375 0.3521130953125 0.7632634234375 0.31717261875
0 0.6683557046875 0.33842261875 0.6294295296875 0.33842261875 0.6294295296875 0.3521130953125 0.6683557046875 0.3521130953125 0.6683557046875 0.33842261875
0 0.6635654359375 0.30656249999999996 0.6018708046875 0.30656249999999996 0.6018708046875 0.3453422625 0.6635654359375 0.3453422625 0.6635654359375 0.30656249999999996
0 0.531266778125 0.32141369062499997 0.47363255000000004 0.32141369062499997 0.47363255000000004 0.3538244046875 0.531266778125 0.3538244046875 0.531266778125 0.32141369062499997
0 0.49675335625 0.3490625 0.437676175 0.3490625 0.437676175 0.38950892812500004 0.49675335625 0.38950892812500004 0.49675335625 0.3490625
0 0.41240771875000004 0.3362946421875 0.3933305375 0.3362946421875 0.3933305375 0.3538244046875 0.41240771875000004 0.3538244046875 0.41240771875000004 0.3362946421875