0 0.708615771875 0.4553422625 0.49759228125000005 0.4553422625 0.49759228125000005 0.528883928125 0.708615771875 0.528883928125 0.708615771875 0.4553422625
0 0.7134144296875 0.5680208328125 0.62943791875 0.5680208328125 0.62943791875 0.63936011875 0.7134144296875 0.63936011875 0.7134144296875 0.5680208328125
0 0.4929362421875 0.71470238125 0.287869128125 0.71470238125 0.287869128125 0.8892261906250001 0.4929362421875 0.8892261906250001 0.4929362421875 0.71470238125
0 0.5705704703125 1 0.5705704703125 0.9273065468749999 0.3861409390625 0.9273065468749999 0.3861409390625 1 0.5705704703125 1
0 0.41624999999999995 0.55313988125 0.32982382499999996 0.55313988125 0.32982382499999996 0.6274553578125001 0.41624999999999995 0.6274553578125001 0.41624999999999995 0.55313988125
0 0.16125 0.59779761875 0.12009228125 0.59779761875 0.12009228125 0.6461904765625001 0.16125 0.6461904765625001 0.16125 0.59779761875
0 0.042382550000000005 0.765744046875 0.005033557812500001 0.765744046875 0.005033557812500001 0.819553571875 0.042382550000000005 0.819553571875 0.042382550000000005 0.765744046875
0 0.2072651 0.38732142812500003 0.1967953015625 0.38732142812500003 0.1967953015625 0.43029761874999994 0.2072651 0.43029761874999994 0.2072651 0.38732142812500003
0 0.2897063765625 0.355446428125 0.22915268437499997 0.355446428125 0.22915268437499997 0.39973214218750003 0.2897063765625 0.39973214218750003 0.2897063765625 0.355446428125
0 0.3989849 0.40857142812499997 0.35618288593749997 0.40857142812499997 0.35618288593749997 0.4575 0.3989849 0.4575 0.3989849 0.40857142812499997
0 0.4938926171875 0.42345238125 0.434093959375 0.42345238125 0.434093959375 0.4575 0.4938926171875 0.4575 0.4938926171875 0.42345238125
0 0.49388422812500005 0.387336309375 0.4232969796875 0.387336309375 0.4232969796875 0.41331845312500004 0.49388422812500005 0.41331845312500004 0.49388422812500005 0.387336309375
0 0.6079697984375 0.40221726249999995 0.556325503125 0.40221726249999995 0.556325503125 0.42861607187499995 0.6079697984375 0.42861607187499995 0.6079697984375 0.40221726249999995
0 0.7622986578125001 0.40860119062500005 0.698942953125 0.40860119062500005 0.698942953125 0.45241071406250005 0.7622986578125001 0.45241071406250005 0.7622986578125001 0.40860119062500005
0 0.7843456375 0.363943453125 0.712130871875 0.363943453125 0.712130871875 0.3980208328125 0.7843456375 0.3980208328125 0.7843456375 0.363943453125
0 0.7124496640625 0.3575595234375 0.64261745 0.3575595234375 0.64261745 0.404821428125 0.7124496640625 0.404821428125 0.7124496640625 0.3575595234375
0 0.4152768453125 0.35970238125 0.37056208125 0.35970238125 0.37056208125 0.3827380953125 0.4152768453125 0.3827380953125 0.4152768453125 0.35970238125
0 0.5322231546875 0.3363095234375 0.47962248281250003 0.3363095234375 0.47962248281250003 0.3810119046875 0.5322231546875 0.3810119046875 0.5322231546875 0.3363095234375