0 0.177541946875 0.472351190625 0.12967281875 0.472351190625 0.12967281875 0.5050892859375 0.177541946875 0.5050892859375 0.177541946875 0.472351190625
0 0.383649328125 0.7763541671875 0.239941275 0.7763541671875 0.239941275 0.9028124999999999 0.383649328125 0.9028124999999999 0.383649328125 0.7763541671875
0 0.6616442953125 1 0.6616442953125 0.893273809375 0.51318791875 0.893273809375 0.51318791875 1 0.6616442953125 1
0 0.8380285234375 0.7997321421875 0.7097231546875 0.7997321421875 0.7097231546875 0.958898809375 0.8380285234375 0.958898809375 0.8380285234375 0.7997321421875
0 0.77092281875 0.5722916671875 0.48441275156249997 0.5722916671875 0.48441275156249997 0.681875 0.77092281875 0.681875 0.77092281875 0.5722916671875
0 0.8293959734374999 0.4915029765625 0.7552684562499999 0.4915029765625 0.7552684562499999 0.559508928125 0.8293959734374999 0.559508928125 0.8293959734374999 0.4915029765625
0 0.8562416109375001 0.42559523749999995 0.7600671140624999 0.42559523749999995 0.7600671140624999 0.48809523749999995 0.8562416109375001 0.48809523749999995 0.8562416109375001 0.42559523749999995
0 0.7555872484374999 0.451116071875 0.7277013421875 0.451116071875 0.7277013421875 0.4762053578125 0.7555872484374999 0.4762053578125 0.7555872484374999 0.451116071875
0 0.72395973125 0.4170833328125 0.6809731546875 0.4170833328125 0.6809731546875 0.45071428593749996 0.72395973125 0.45071428593749996 0.72395973125 0.4170833328125
0 0.6568540265625 0.472351190625 0.5647231546875 0.472351190625 0.5647231546875 0.5203869046875 0.6568540265625 0.5203869046875 0.6568540265625 0.472351190625
0 0.4871812078125 0.510625 0.4029194625 0.510625 0.4029194625 0.5696726187500001 0.4871812078125 0.5696726187500001 0.4871812078125 0.510625
0 0.39130872499999997 0.472351190625 0.302248321875 0.472351190625 0.302248321875 0.5203869046875 0.39130872499999997 0.5203869046875 0.39130872499999997 0.472351190625
0 0.4938926171875 0.45535714218749995 0.42449664374999996 0.45535714218749995 0.42449664374999996 0.5033928578125 0.4938926171875 0.5033928578125 0.4938926171875 0.45535714218749995
0 0.41049496718749995 0.41921130937499995 0.35259228125000003 0.41921130937499995 0.35259228125000003 0.44049107187500003 0.41049496718749995 0.44049107187500003 0.41049496718749995 0.41921130937499995
0 0.26765100625 0.4000892859375 0.1632214765625 0.4000892859375 0.1632214765625 0.46770833281249996 0.26765100625 0.46770833281249996 0.26765100625 0.4000892859375
0 0.5427768453125 0.4043452375 0.46883389218750005 0.4043452375 0.46883389218750005 0.447321428125 0.5427768453125 0.447321428125 0.5427768453125 0.4043452375
0 0.7057382546875 0.3745833328125 0.600671140625 0.3745833328125 0.600671140625 0.420119046875 0.7057382546875 0.420119046875 0.7057382546875 0.3745833328125
0 0.4488338921875 0.35117559531250003 0.3801593953125 0.35117559531250003 0.3801593953125 0.3878125 0.4488338921875 0.3878125 0.4488338921875 0.35117559531250003