0 0.24081375781249997 0.440476190625 0.13566275156250002 0.440476190625 0.13566275156250002 0.5033928578125 0.24081375781249997 0.5033928578125 0.24081375781249997 0.440476190625
0 0.12385906093750002 0.5191369046875 0.079328859375 0.5191369046875 0.079328859375 0.556101190625 0.12385906093750002 0.556101190625 0.12385906093750002 0.5191369046875
0 0.3635151 0.527633928125 0.284270134375 0.527633928125 0.284270134375 0.5917708328125 0.3635151 0.5917708328125 0.3635151 0.527633928125
0 0.47663590625 0.5829166671875 0.382558725 0.5829166671875 0.382558725 0.6461904765625001 0.47663590625 0.6461904765625001 0.47663590625 0.5829166671875
0 0.8380369125 0.665818453125 0.489211409375 0.665818453125 0.489211409375 0.8501339281250001 0.8380369125 0.8501339281250001 0.8380369125 0.665818453125
0 0.8936325500000001 0.5552678578125 0.7864345640625 0.5552678578125 0.7864345640625 0.65467261875 0.8936325500000001 0.65467261875 0.8936325500000001 0.5552678578125
0 0.8993791953124999 0.47874999999999995 0.796023490625 0.47874999999999995 0.796023490625 0.5425 0.8993791953124999 0.5425 0.8993791953124999 0.47874999999999995
0 0.8754110734375 0.4043452375 0.7780453015625 0.4043452375 0.7780453015625 0.47791666718750003 0.8754110734375 0.47791666718750003 0.8754110734375 0.4043452375
0 0.76806208125 0.453244046875 0.6989513421875 0.453244046875 0.6989513421875 0.498303571875 0.76806208125 0.498303571875 0.76806208125 0.453244046875
0 0.8083137578124999 0.5021279765625 0.7540687921875 0.5021279765625 0.7540687921875 0.5493005953125001 0.8083137578124999 0.5493005953125001 0.8083137578124999 0.5021279765625
0 0.67890100625 0.5127529765625 0.58509228125 0.5127529765625 0.58509228125 0.5849851187499999 0.67890100625 0.5849851187499999 0.67890100625 0.5127529765625
0 0.5015520140625 0.5021130953124999 0.41609899375000003 0.5021130953124999 0.41609899375000003 0.5475892859375 0.5015520140625 0.5475892859375 0.5015520140625 0.5021130953124999
0 0.3894043625 0.45537202343749994 0.328615771875 0.45537202343749994 0.328615771875 0.5051041671875 0.3894043625 0.5051041671875 0.3894043625 0.45537202343749994
0 0.5389513421875 0.4340922625 0.470041946875 0.4340922625 0.470041946875 0.486383928125 0.5389513421875 0.486383928125 0.5389513421875 0.4340922625
0 0.43733221406249995 0.38309523749999996 0.3717617453125 0.38309523749999996 0.3717617453125 0.420119046875 0.43733221406249995 0.420119046875 0.43733221406249995 0.38309523749999996
0 0.72875 0.40220238124999996 0.628229865625 0.40220238124999996 0.628229865625 0.44559523749999996 0.72875 0.44559523749999996 0.72875 0.40220238124999996
0 0.5561996640625 0.3639583328125 0.46524328906249995 0.3639583328125 0.46524328906249995 0.39973214218750003 0.5561996640625 0.39973214218750003 0.5561996640625 0.3639583328125
0 0.32901845625 0.332053571875 0.2351426171875 0.332053571875 0.2351426171875 0.37592261875 0.32901845625 0.37592261875 0.32901845625 0.332053571875
0 0.5006040265625 0.3299404765625 0.4077181203125 0.3299404765625 0.4077181203125 0.362321428125 0.5006040265625 0.362321428125 0.5006040265625 0.3299404765625