2 0 0 0 0.0296875 0.50625 0.0296875 0.50625 0 0 0
2 0 0.07890625 0.71875 0.07890625 0.71875 0.07265625 0 0.07265625 0 0.07890625
2 1 0.365625 0 0.365625 0 0.3703125 1 0.3703125 1 0.365625
2 0 0.35078125 0.603125 0.35078125 0.603125 0.33828125 0 0.33828125 0 0.35078125
2 0 0.5390625 0.621875 0.5390625 0.621875 0.5375 0 0.5375 0 0.5390625
2 0 0.8578125 0.69375 0.8578125 0.69375 0.8265625 0 0.8265625 0 0.8578125
2 0 0.51875 0.415625 0.51875 0.415625 0.515625 0 0.515625 0 0.51875
2 0 0.50390625 0.359375 0.50390625 0.359375 0.49140625 0 0.49140625 0 0.50390625
2 0 0.08359375 0.6625 0.08359375 0.6625 0.05234375 0 0.05234375 0 0.08359375
2 0 0.3796875 0.303125 0.3796875 0.303125 0.375 0 0.375 0 0.3796875
2 0 0.45703125 0.2671875 0.45703125 0.2671875 0.44765625 0 0.44765625 0 0.45703125
2 0 0.64765625 0.415625 0.64765625 0.415625 0.63984375 0 0.63984375 0 0.64765625
2 0 0.22734375 0.3484375 0.22734375 0.3484375 0.21171875 0 0.21171875 0 0.22734375