1 0.2356148546875 0.3804648296875 0.2540189625 0.345987575 0.24968368124999998 0.300717953125 0.2341116140625 0.2809936515625 0.2039826953125 0.28053618281250003 0.1876612328125 0.283703759375 0.1606301734375 0.2909277453125 0.12097241562500001 0.296151859375 0.081606584375 0.3086130125 0.0213356953125 0.335021059375 0.018961125000000002 0.3590936953125 0.04435395625 0.380373453125 0.082303765625 0.3950130765625 0.12018385937500001 0.40101269375 0.1952207546875 0.38125783593749996 0.2356148546875 0.3804648296875
1 0 0.7003867625 0.0049142515625 0.7020274546875 0.0448769890625 0.6767173953125 0.079964203125 0.6549496109375 0.11371816875 0.641599625 0.13506764375 0.6248468 0.13817855625 0.605205271875 0.122454 0.5955239421875 0.057625618749999996 0.5780653328125 0.04455450625 0.5788713921875 0.027788628125 0.584844903125 0.0331782859375 0.5871367015625 0.0030363125 0.6140022171874999 0 0.6177860765625 0 0.7003867625
1 0.340942059375 0.6416343359375001 0.306312315625 0.633273203125 0.2856294640625 0.6458171296875 0.278017725 0.65755499375 0.254071471875 0.699783421875 0.225999090625 0.7226622468749999 0.20937264843749998 0.7459157703125 0.1913301859375 0.7962700703125 0.17248166250000002 0.8335532562499999 0.15953693124999999 0.878962315625 0.1562038109375 0.9000068109375 0.1589269703125 0.9191342062500001 0.162830890625 0.9398867765625001 0.180180621875 0.9483873453125 0.20403105 0.9521648828125 0.2312146 0.9348979249999999 0.28226163125000003 0.894085515625 0.297554825 0.8792497921875 0.324821146875 0.8432998546875 0.34573926093749996 0.802029975 0.3484188109375 0.75787139375 0.3482924265625 0.7132683953125001 0.3546536890625 0.6912653484375 0.3703215828125 0.664983684375 0.340942059375 0.6416343359375001
1 0.4013348828125 0.5145743546875 0.37246949375 0.49705908125000003 0.364051696875 0.49572583281249993 0.330811865625 0.5149098921874999 0.3149914828125 0.551234528125 0.3187429125 0.5820300703125 0.3377178171875 0.5893498828125 0.36659626093750003 0.579542171875 0.3885295875 0.5772634265625001 0.418741278125 0.5590379171875 0.4359515734375 0.5502584749999999 0.42990834375000003 0.524852590625 0.4013348828125 0.5145743546875
1 0.4160006140625 0.4219785734375 0.43372504218749997 0.419033203125 0.4409620828125 0.418741278125 0.4389752640625 0.4040449890625 0.4318907140625 0.39429394375000004 0.410928990625 0.37227784375 0.38892594375 0.36591658125 0.3704651734375 0.36443084375 0.3529629515625 0.365973246875 0.32659851562500003 0.368988334375 0.3319881734375 0.37128013125 0.34637948281250003 0.3893792578125 0.35899312656250004 0.4187021171875 0.360535528125 0.4362043375 0.37205118593750003 0.44521904218749997 0.39879031875000004 0.43075801562500005 0.4160006140625 0.4219785734375
1 0.3011665234375 0.42967753125 0.2821219015625 0.4137177140625 0.2603410625 0.4059534875 0.24179751875000002 0.42315072656249997 0.2353665390625 0.4365137671875 0.247840746875 0.4485566125 0.27892821562500003 0.4520422234375 0.29724955 0.43624794843750003 0.3011665234375 0.42967753125
1 0.5383681203124999 0.5664796625 0.555273434375 0.577786165625 0.5702616484374999 0.5830363859375 0.5865831109374999 0.579868809375 0.5908747828124999 0.5618524546875 0.5724967828125 0.5416837359375 0.580121575 0.5026228859375 0.574370271875 0.484454040625 0.555173159375 0.4785371953125 0.5397405296875 0.47609290781249997 0.5096116109375 0.4756354375 0.5090147046875 0.48848434375 0.520377871875 0.5075420203125 0.5293795218749999 0.5233493484375 0.509058315625 0.5517703203125001 0.507433140625 0.5529510796875 0.5383681203124999 0.5664796625
1 0.7542594015625 0.638065659375 0.7516059578125 0.6275782703125 0.74704846875 0.5837116140624999 0.74025584375 0.5811976078125001 0.7203223875 0.57084965625 0.699652590625 0.5560705953125 0.6825947859375 0.5548070640625 0.656147578125 0.57650513125 0.6585788124999999 0.5883954874999999 0.6904723421875001 0.6049522109375001 0.7236991203125 0.6130911375 0.726561715625 0.6494985453125001 0.7381470921875 0.66715325625 0.7461901937500001 0.6799324437500001 0.7542594015625 0.638065659375
1 0.6134139140625 0.8372346734375 0.6301231296875 0.7952981718750001 0.6249687328125 0.7642804203125 0.5958941921875 0.7208451265625 0.5758910171875 0.7018571671875 0.552193078125 0.6880366578125 0.547095346875 0.6929818984375 0.51118901875 0.72900155625 0.50305009375 0.7622283328125 0.503551175 0.7953853921875 0.52509675 0.8318755718749999 0.555073178125 0.8423760140625 0.5716865671875 0.8464454781249999 0.5985651359374999 0.8492644640625 0.6134139140625 0.8372346734375
1 0.46345760468749997 0.63083751875 0.48893320781250005 0.633434296875 0.4998650140625 0.627974921875 0.5044486109374999 0.6171956078124999 0.495446959375 0.6013882781250001 0.4846676453125 0.59680468125 0.45424680000000006 0.589110171875 0.44043934374999993 0.585485125 0.4250764328125 0.5916808421875001 0.4328973234375 0.605862996875 0.46345760468749997 0.63083751875
1 0.8871929328125001 1 0.8845089125 0.9779668296875 0.8620745046874999 0.9470885140625 0.8394876046874999 0.9262531718749999 0.8199288484375 0.90445928125 0.8053333953124999 0.8922279671875 0.7640323984374999 0.89416799375 0.7437939640625 0.9039059859374999 0.731668346875 0.9350631734375 0.7125278984375 0.9651093203125001 0.7056692765625 1 0.8871929328125001 1
1 0.7294112593750001 0.7132289390625 0.7381079296874999 0.7491222125 0.7468873734375 0.7663325078125001 0.7561112328124999 0.7807368703125 0.786754284375 0.7870284125 0.79650533125 0.7799438624999999 0.7838219703125 0.7419809984375 0.7785848015625 0.7296462265625 0.775195015625 0.7147277296875 0.75290004375 0.7011294296874999 0.7418985218749999 0.6979487984375 0.7294112593750001 0.7132289390625
1 0.9387451796875 0.753574978125 0.9459125 0.7446430453125 0.9406056156249999 0.7236682671875 0.92886775 0.7160565296875 0.9218529171875 0.714945490625 0.9166026953124999 0.7299337046875001 0.9157138640625 0.73554556875 0.9207288234375 0.74928330625 0.927521446875 0.7517973125 0.9387451796875 0.753574978125
1 0.63573915 0.4783541484375 0.6417257125 0.467797040625 0.6111654328125 0.44282251875 0.6041506 0.4417114796875 0.5999417 0.4410448546875 0.5892321046875 0.4451012625 0.5870100234375 0.4591309265625 0.60369313125 0.47184039687499996 0.6210428625 0.4803409671875 0.63573915 0.4783541484375
1 0.521153375 0.43000417031250004 0.5393222203125 0.42425286875 0.5444199515625 0.419307628125 0.5161514687500001 0.38894344687500004 0.50824780625 0.39344427187500003 0.49820483125 0.3932917828125 0.4819530875 0.40509936562500004 0.4832035640625 0.41536454687499996 0.5026926046875 0.4285184328125 0.521153375 0.43000417031250004
1 0.533222328125 0.3628839921875 0.5401543890625 0.3826780109375 0.55137811875 0.384455675 0.5676995812500001 0.3812880984375 0.5694772453125 0.3700643671875 0.5511689640624999 0.3585356546875 0.530346678125 0.3537995703125 0.53100618125 0.364494115625 0.533222328125 0.3628839921875
1 0 0.537004675 0.005436990625000001 0.535283609375 0.02449466875 0.5239204421875 0.058540559375 0.5178074953125 0.0909612765625 0.5128753078125 0.11836703281250001 0.49420538281250004 0.1184498046875 0.475522403125 0.09341861875 0.4701196921875 0.0621089421875 0.46803704843749994 0.010700265625 0.492972409375 0 0.49999413906249995 0 0.537004675
1 0.45334906875 0.30421216875 0.4480421828125 0.2832373890625 0.43770728437499995 0.2758478609375 0.43895776093750005 0.286113040625 0.43533271406249996 0.299920496875 0.45334906875 0.30421216875
1 0.5079253234375 0.29559826875 0.5049669 0.305196825 0.508286965625 0.31147531562499997 0.5232751796875 0.3167255375 0.5279284953125 0.314586228125 0.5344291937500001 0.30986319375 0.5221771953125 0.29641738281249996 0.5079253234375 0.29559826875
1 0.537039025 0.25706460625 0.539330825 0.2516749484375 0.523384059375 0.24339658593750002 0.50757673125 0.2523982375 0.517689421875 0.2611907328125 0.5275101875 0.26274618906249997 0.537039025 0.25706460625
1 0.5287170531250001 0.20972539375000002 0.5282726375 0.212531325 0.535801603125 0.2194764390625 0.55965203125 0.22325397656249998 0.5614296953125 0.21203024531249998 0.5457051390625 0.20234891562500001 0.5431911328125001 0.20914154062499998 0.5287170531250001 0.20972539375000002
1 0.6271252515625 0.4237778953125 0.632209928125 0.44615564062499996 0.6587138 0.46042056562499994 0.66572863125 0.4615316046875 0.680063275 0.4436677390625 0.6778542484375001 0.43037441875000004 0.6760896390625 0.4142751640625 0.6621427468750001 0.3933701046875 0.6450849421875 0.3921065734375 0.6224849890625 0.39859421875 0.6271252515625 0.4237778953125
1 0.23537514375000002 0.263935846875 0.26882412968749997 0.27067180625 0.287437390625 0.262114571875 0.300216578125 0.254071471875 0.2830193359375 0.2355279296875 0.28110223749999996 0.229471646875 0.213677078125 0.237488640625 0.2161083109375 0.2493789953125 0.22341507031250002 0.2577270765625 0.23537514375000002 0.263935846875