1 0.641292384375 0.44569252031250006 0.5881449265625001 0.4334224625 0.577370878125 0.44775973437500005 0.6491742781250001 0.492377953125 0.641292384375 0.44569252031250006
1 0.7624109640625 0.5353453578125 0.7506967906249999 0.5214244906250001 0.6915476859374999 0.51898528125 0.683087559375 0.539464984375 0.75149235625 0.5664739140624999 0.7624109640625 0.5353453578125
1 0.40252660625000003 0.4130019734375 0.3824968640625 0.4027695234375 0.328120165625 0.39582389375 0.2994857375 0.422862428125 0.4011528078125 0.43511768437500004 0.40252660625000003 0.4130019734375
1 0.22789966874999998 0.49045877187500003 0.249303209375 0.478575509375 0.2412767578125 0.4486813625 0.17272740312499998 0.43846371562500003 0.15226398593749998 0.478605115625 0.1733784109375 0.5003044234375 0.22789966874999998 0.49045877187500003
1 0.1691124546875 0.5834428375 0.2085209328125 0.542067028125 0.181549421875 0.5134072875 0.1532041109375 0.5068632578125001 0.1174833546875 0.5322657859375 0.1349100578125 0.569938371875 0.1691124546875 0.5834428375
1 0.9222152296875 0.66757880625 0.8799863796875 0.6241801921875 0.833780690625 0.6303374265625 0.8438319484375001 0.699956571875 0.92532471875 0.7187706609375 0.9222152296875 0.66757880625
1 0.5403490953125 0.624283815625 0.564355678125 0.5849604187499999 0.54092733125 0.55711868125 0.461748484375 0.544447025 0.43202937343750003 0.560018703125 0.4271124109375 0.5813164093750001 0.5403490953125 0.624283815625
1 0.4540121390625 0.7557732765625 0.48496049062499996 0.7348771703125 0.49110669375000005 0.7082550375000001 0.4630504984375 0.6681284390625 0.3886440578125 0.6509503578125 0.3740377265625 0.6980521937499999 0.413808096875 0.7520996609374999 0.4540121390625 0.7557732765625
1 0.48546693750000003 0.8135091609374999 0.3993463234375 0.7824102125 0.3198783609375 0.803321121875 0.3715074609375 0.8544981734375 0.4967474375 0.87780388125 0.48546693750000003 0.8135091609374999
1 0.7088308203125 0.84825211875 0.75424094375 0.7970454625000001 0.7428158875 0.7495420265625 0.7204722203125 0.7331671453124999 0.674411090625 0.7225330953125 0.5901707234375 0.747950428125 0.62856729375 0.8241136046875001 0.7088308203125 0.84825211875
1 0.17677800625 0.792716678125 0.15877307031250001 0.8222092265625 0.0782204265625 0.8316532796875 0.010177521875 0.9000676249999999 0.3326054328125 0.9745059734374999 0.2324567203125 0.923343725 0.1944938265625 0.7968066968749999 0.17677800625 0.792716678125