1 0.7898822671875 1 0.7973348578125 0.90479985625 0.7412892109375 0.82161805 0.716072140625 0.8015127 0.5823423546875001 0.7485120625 0.5178572359375 0.7397204265624999 0.48529097343750005 0.74262845 0.454928403125 0.7582926328124999 0.43147216093749996 0.787712546875 0.418125515625 0.8389417187499999 0.43079097187500004 0.8834121859374999 0.50885041875 0.9786458187499999 0.539269909375 0.997399428125 0.5515046375 1 0.7898822671875 1
1 0.366384053125 0.5158349453125 0.25957524374999996 0.49804713125 0.1971461984375 0.5142680203125 0.183299765625 0.5678485109375 0.186707578125 0.59806345625 0.26071180156249996 0.677689828125 0.31479207656249997 0.6891849453125001 0.35776318125 0.6835734375 0.4266894671875 0.636785434375 0.4442389578125 0.5889071546875 0.4282226109375 0.5486395328125 0.366384053125 0.5158349453125
1 0 0.7389214453124999 0.021400462500000002 0.7398699093750001 0.0809784046875 0.725500546875 0.094677215625 0.684176428125 0.043243500000000004 0.648668359375 0.031486917187500005 0.646169421875 0 0.6652869031249999 0 0.7389214453124999
1 0.8488574124999999 0.3849206203125 0.8026830390624999 0.3824786015625 0.8075902140625001 0.40563960000000004 0.80088843125 0.414045290625 0.7463083671875 0.4049014890625 0.7319052234375001 0.42641550156249997 0.5549090890625 0.4035391078125 0.4973302984375 0.40850320625 0.48998110625 0.43151658125000003 0.5171066234375 0.488890828125 0.543675434375 0.5141985984375 0.5969037578124999 0.5181399796874999 0.6385800421875001 0.5417438453125001 0.695011634375 0.5537387500000001 0.7878601703125 0.55627146875 0.8232206171875 0.5170941234375 0.8297178578125 0.48652701093750006 0.8214597890625001 0.4675688578125 0.8335116156250001 0.4455550578125 0.913751615625 0.4380351 0.9177499171875001 0.4192245703125 0.8488574124999999 0.3849206203125
1 0.450337753125 0.317415496875 0.39475811250000004 0.3129743296875 0.376004503125 0.34339381874999997 0.29456038281249997 0.3334549859375 0.2841555421875 0.33615846718750003 0.28485987343749997 0.3559685734375 0.3048745234375 0.377425665625 0.349049746875 0.38927295 0.3940200015625 0.3742561765625 0.40422029843749996 0.34939127187499996 0.47426000156250003 0.3667362203125 0.4965690453125 0.35427530625000003 0.5106769453125 0.35727403281250003 0.5000675593749999 0.33781609218750003 0.450337753125 0.317415496875
1 0.157593546875 0.3534927765625 0.108215903125 0.34299723437499996 0.07935269687499999 0.35160746718749997 0.06900477656250001 0.3887287421875 0.08131806875 0.42329415625 0.1085342875 0.43399424062499997 0.1311954984375 0.43143838125 0.18001643437499998 0.409867446875 0.18751325000000002 0.37459770312499996 0.157593546875 0.3534927765625
1 0 0.48477428125 0.016094840625000002 0.47578436718750006 0.040107790625 0.478430928125 0.04860418125 0.43845855 0.039346539062500005 0.4242030296875 0.005428534375 0.421908634375 0 0.45283870625 0 0.48477428125
1 0.5110059703125 0.251669340625 0.46112853906250006 0.243525115625 0.4489290890625 0.2777952859375 0.5299303421875 0.32450322656249997 0.5816593015625 0.33549855625 0.6279812984375 0.32568420468750003 0.62222216875 0.2949694703125 0.5110059703125 0.251669340625
1 0.79960425 0.2466589640625 0.7408213406249999 0.23416427031249998 0.7307686671875 0.2467728046875 0.7400263093749999 0.261028325 0.7981618078125 0.2881307046875 0.8312847796874999 0.31728915468749996 0.8835135281250001 0.32593316875 0.9006201515625 0.314823996875 0.8702006624999999 0.2960703859375 0.8568877953125 0.26620760468750004 0.79960425 0.2466589640625
1 0.7770568812499999 0.31805040625 0.736584715625 0.3119053328125 0.726532040625 0.32451386718749997 0.7611543765625 0.3466183671875 0.7922212765625 0.3507642921875 0.802273953125 0.33815575625 0.7770568812499999 0.31805040625
1 0.6916713828125001 0.361339896875 0.6530507453125 0.358045925 0.6485526562499999 0.3792077734375 0.6789721453124999 0.39796138124999997 0.71289015 0.4002557765625 0.7234426140625 0.385295925 0.6916713828125001 0.361339896875
1 0.654674590625 0.22322586093750002 0.6005943140625 0.21173074375 0.58483943125 0.22804233593749998 0.6231648234375 0.2558490453125 0.65843456875 0.26334586249999997 0.6746892390625 0.24468295312500002 0.654674590625 0.22322586093750002
1 0.579227925 0.18507123125 0.5330535484375 0.1826292140625 0.5535679874999999 0.20173498906249998 0.601593890625 0.2070281109375 0.5993901968750001 0.194271953125 0.579227925 0.18507123125
1 0 0.9048920171875 0.22439806093749998 0.952589296875 0.2288961515625 0.9314274499999999 0.22113787031249998 0.91011798125 0.155448634375 0.8838675546875001 0.0202764046875 0.8723386578125 0 0.88235555 0 0.9048920171875
1 0.7057899203125 0.1677369234375 0.5989811078125 0.149949109375 0.5855775421875 0.16676048906250002 0.6338079875 0.19421503281250002 0.7569283921875 0.22775772968750002 0.807805396875 0.231199325 0.8168584984375 0.223293421875 0.8193574359375001 0.211536840625 0.8072486874999999 0.1991328484375 0.7057899203125 0.1677369234375
1 0.46486537656250004 0.1681353703125 0.36846140625 0.1476440734375 0.3486512984375 0.1483484046875 0.3375990484375 0.165659571875 0.40414023749999994 0.1994637359375 0.484880025 0.1895924625 0.48502764843749996 0.1773360921875 0.46486537656250004 0.1681353703125
1 0.3568755875 0.24839851249999997 0.316403421875 0.2422534359375 0.3179597046875 0.2696172796875 0.343324396875 0.2774662609375 0.3688367125 0.273058871875 0.3741867546875 0.25945076093749997 0.3568755875 0.24839851249999997
1 0.49696563125 0.086486709375 0.41837261562499994 0.074696346875 0.4101714703125 0.090155984375 0.41472648124999995 0.10341192968749999 0.4743613421875 0.123460359375 0.524386396875 0.119348215625 0.5208309609375 0.10138963906250001 0.49696563125 0.086486709375
1 0.38415936875 0.0969146890625 0.3277277765625 0.084919784375 0.314823996875 0.0993798484375 0.325785546875 0.1287428421875 0.355852871875 0.13759139843749998 0.3639063953125 0.134388128125 0.36170270000000004 0.121631971875 0.4041740171875 0.11837178125 0.404821428125 0.1037640953125 0.38415936875 0.0969146890625
1 0.39630189531250004 0.0282267265625 0.351127096875 0.021082078125 0.32461520781250003 0.0301920984375 0.26818361562500004 0.0181971921875 0.27173905 0.0361557703125 0.28855043125 0.0495593375 0.2685927015625 0.0625200390625 0.3000117671875 0.076571015625 0.352887925 0.07060734375 0.352035971875 0.06305360625 0.3243199625 0.054704837500000006 0.3258193265625 0.0476508875 0.359884953125 0.0376889140625 0.40320822187500005 0.041982459374999996 0.4070589015625 0.0354283 0.39630189531250004 0.0282267265625
1 0.9244304218750001 0.8040222781249999 0.94509248125 0.8108716828125001 0.9625850515625001 0.7285756125 0.9303709546875 0.741388690625 0.9198184906250001 0.7563485421875 0.912969084375 0.7770106 0.9244304218750001 0.8040222781249999
1 1 0.505150884375 0.9937532921875001 0.4894456765625 0.9480787062499999 0.48465234218750003 0.9380260312500001 0.4972608765625 0.993310425 0.526214784375 1 0.506034875 1 0.505150884375