1 0.6162155625 0.5225110671875 0.639999421875 0.529355515625 0.6810781703125001 0.5149375843749999 0.6749507 0.499082684375 0.651166840625 0.49223823437499997 0.612430328125 0.5061154171875 0.6162155625 0.5225110671875
1 0.5309958390625 0.55945513125 0.534601828125 0.5857604703125 0.570816859375 0.582333728125 0.573517584375 0.5619735968749999 0.5585619187499999 0.550623921875 0.5309958390625 0.55945513125
1 0.45066092500000005 0.8099071625 0.48327297968750005 0.812246384375 0.506333834375 0.7945869812499999 0.5160612671875 0.7726046078125 0.5020048390625 0.7437777875 0.44146821249999996 0.7700891546874999 0.45066092500000005 0.8099071625
1 0.6086722140624999 0.7783615359375 0.6583999125 0.7693480703125 0.6538916718750001 0.7284485671875001 0.639656 0.7095314359375 0.612448409375 0.6985432625 0.5805593578125 0.72070789375 0.5711934296875001 0.7549421921875 0.6086722140624999 0.7783615359375
1 0.980920503125 0.8305775687500001 0.99082718125 0.79868550625 0.9767677390625 0.7377873765625 0.941631190625 0.7138272859375 0.8897405015625001 0.7134718078125 0.8780293234375 0.716175546875 0.86956263125 0.7329327 0.8942547671875 0.8185139265625001 0.9317335531250001 0.8419332703125001 0.980920503125 0.8305775687500001
1 0.8758844109374999 0.89923445 0.895521534375 0.8774313234375001 0.9009229859375001 0.8367110656250001 0.884524321875 0.8084249921875 0.8456055515625 0.8001405578125 0.8110127625000001 0.8105940078125 0.8038068109375001 0.82212594375 0.8111980359375 0.8648269328125 0.8414708671875 0.8997782109375001 0.8758844109374999 0.89923445
1 0.7272420640624999 0.9286170859375 0.74669994375 0.9167236484375 0.7665163109375001 0.88501083125 0.756782853125 0.8428505890625001 0.7180433265625 0.8246564640624999 0.6780460749999999 0.843758865625 0.6670579015625 0.87096645625 0.6803943375 0.9073607328125 0.7272420640624999 0.9286170859375
1 0.7319295484375 0.9596068984375 0.7218376 0.9372660375 0.687062553125 0.9255578703125 0.637696359375 0.9468232625 0.6124755265624999 0.9871850328124999 0.7319295484375 0.9596068984375
1 0.5760752250000001 0.9363788515625 0.6083257765625001 0.9264661484375001 0.6191347046875 0.909168246875 0.6032737765625 0.8511531015625 0.578587665625 0.829714490625 0.545076371875 0.8448524140625 0.5315667203125 0.88251044375 0.5420201703124999 0.9171032312499999 0.5760752250000001 0.9363788515625
1 0.49719310625 1 0.48833100781249994 0.9517020468749999 0.44635000937499997 0.951525815625 0.41049647968749997 0.967204484375 0.3924816 0.9960343203124999 0.3919958625 1 0.49719310625 1
1 0.725422496875 0.7390722234375 0.74650261875 0.73420549375 0.7492033453125 0.7138453640625 0.73965214375 0.6938467375 0.6857777078125 0.674212628125 0.6681213171875 0.68322308125 0.6769525265625 0.7107891625 0.725422496875 0.7390722234375
1 0.1799563890625 1 0.16833792187500002 0.9441647234375001 0.193555740625 0.8717316484375001 0.266705796875 0.857310703125 0.3203949609375 0.8227118890625 0.37984707812499996 0.75964474375 0.41245310625 0.69784135 0.40055967031249995 0.6783834718749999 0.36146165625000004 0.680008728125 0.3394792828125 0.6702812953125 0.31245395 0.6814547390625 0.2789456703125 0.7286639703125 0.25083884218749997 0.73515294375 0.23696467187499998 0.7284877390625 0.24885509374999998 0.715874309375 0.2481320890625 0.69137045625 0.212096303125 0.6848875109375 0.1663330828125 0.7003869359375 0.1218336171875 0.7427324515625 0.12454037031250001 0.7865149375 0.15625318906250002 0.80633130625 0.16382365625 0.8391226062499999 0.11806646406250002 0.9187646468749999 0.087438153125 0.9357040578125 0.10228204062499999 1 0.1799563890625 1