1 0.6112632484375 0.5404140374999999 0.6336835828125 0.550894834375 0.6765120453125 0.5430805453125 0.6729402671875 0.526462296875 0.6505199328125 0.5159814984375 0.6100894625 0.5236281046875 0.6112632484375 0.5404140374999999
1 0.521313396875 0.5635719578125 0.520759928125 0.5901175359375 0.557065153125 0.5923982609375 0.5629176546875 0.572711284375 0.5499215984375 0.5591617609374999 0.521313396875 0.5635719578125
1 0.402788209375 0.798373359375 0.434632821875 0.80578543125 0.46017229843749996 0.79195095625 0.4732187703125 0.771760928125 0.46384490781250004 0.741090103125 0.39993758437500004 0.7576075203125 0.402788209375 0.798373359375
1 0.5637889406250001 0.7919345234375 0.614314425 0.790811153125 0.6162597812499999 0.749709946875 0.6051586640625 0.72879876875 0.5800049734375 0.713689671875 0.5450412171875 0.7305928734375 0.530435175 0.7629405359375 0.5637889406250001 0.7919345234375
1 0.9232858484375001 0.9017401515625 0.9380595765624999 0.8717904796875 0.9336997968749999 0.8094427265625 0.902744021875 0.78028105625 0.8515478 0.7718124625 0.8395578484374999 0.7726508828124999 0.8285739984375 0.78787724375 0.83957428125 0.8762675249999999 0.8729280484374999 0.9052615125000001 0.9232858484375001 0.9017401515625
1 0.8088026234375001 0.9531204890625 0.831608740625 0.9346577171874999 0.8433137437499999 0.8952837671875 0.8315418906250001 0.8647806250000001 0.7943982468749999 0.8505099484375 0.758596071875 0.8554231953125001 0.7496748453125 0.8656858953125001 0.750295165625 0.9090174062499999 0.7747277031250001 0.9482740906249999 0.8088026234375001 0.9531204890625
1 0.657393853125 0.9588885890625001 0.6784727171875 0.9501854625 0.703006090625 0.9219630453125 0.69998778125 0.8787992171875001 0.664571390625 0.8547688953125 0.6220782984375 0.867379165625 0.606969203125 0.8925328562500001 0.614448125 0.9305653375 0.657393853125 0.9588885890625001
1 0.6571757515625001 0.99023015 0.6507029328125 0.9665856125 0.6181875859375 0.949581578125 0.56610253125 0.9628625843749999 0.5348782375 0.998782025 0.6571757515625001 0.99023015
1 0.5068739203125 0.9429070906250001 0.540278103125 0.938161528125 0.5536599421874999 0.92276748125 0.5470698578125 0.8629854031249999 0.5260414109375 0.8379489781249999 0.49057460468749997 0.8476582078125 0.47134026406249996 0.882739228125 0.4762535109375 0.9185414015625 0.5068739203125 0.9429070906250001
1 0.31439095 1 0.41910395781250004 0.9972388875 0.4178129046875 0.9443154125 0.3763763296875 0.937574075 0.3385115328125 0.9474509875000001 0.3162084671875 0.97310773125 0.30850581250000003 1 0.31439095 1
1 0.6852480375 0.7713926953125 0.7068299515625001 0.7698835421875 0.712682453125 0.750196565625 0.7063773171875 0.7289500171875 0.6562376171875 0.7011298171875 0.637389059375 0.70726726875 0.6417992578125 0.735875471875 0.6852480375 0.7713926953125
1 0.0361005375 1 0.108254028125 0.9972881859375 0.1029385609375 0.8868129390625 0.1391769359375 0.819216571875 0.2136823265625 0.8164163625 0.27212293593750003 0.7906423515625 0.3407089734375 0.7376520281250001 0.3825817484375 0.68171024375 0.373878621875 0.6606313796875 0.3350077234375 0.65612035 0.31481769531250003 0.6430738781249999 0.286377178125 0.6498820640625 0.2458962890625 0.6912682218749999 0.2171204046875 0.693280428125 0.204459715625 0.6845268859375 0.2181769234375 0.67392881875 0.22129606562499998 0.6496135468750001 0.18671809687500002 0.637573178125 0.139093653125 0.6457228359375 0.0885177515625 0.68058575625 0.084342090625 0.7242526375 0.1125645078125 0.7487860109375 0.11491208125 0.7823578765625 0.0572594765625 0.8538613906249999 0.02435834375 0.8658009265625 0.033742456250000004 1 0.0361005375 1