1 0.8152443500000001 1 0.8181129578125 0.8886837890624999 0.7577907203125 0.8085491828125001 0.7315559765625 0.7897911453125 0.5952356234375 0.74386201875 0.5303787609375 0.738457321875 0.49800932343750004 0.7430657484375 0.46850816406250007 0.7602975171875 0.4466237875 0.7909047171875 0.4359765609375 0.842762190625 0.45095206406250005 0.8865088546875001 0.533888675 0.97752665625 0.565247965625 0.99466253125 0.598947415625 1 0.8152443500000001 1
1 0.36739590624999996 0.5228061625 0.25980253124999997 0.5106326671875 0.1983079796875 0.5300986109375 0.1872847078125 0.5843303359375 0.192269178125 0.6143255234375 0.2703393046875 0.6899696859375 0.3249470734375 0.6986187078125 0.367565603125 0.6907659578125 0.4339487328125 0.6404347515625 0.44896841875 0.5917036171875 0.43086657656250005 0.5523294125 0.36739590624999996 0.5228061625
1 0 0.7648684171875 0.0346101875 0.7645891406249999 0.0933544453125 0.747121403125 0.10487174531250001 0.7051369765625 0.0516501703125 0.672369403125 0.039778915625 0.67048918125 0 0.697588209375 0 0.7648684171875
1 0.8423565249999999 0.366820546875 0.796117628125 0.3667984546875 0.80223023125 0.38967089062500004 0.7959775515625 0.39841580468750004 0.7409937390625 0.392141034375 0.727736290625 0.414379365625 0.5497854656250001 0.40079758437499996 0.49254538437499995 0.4087683203125 0.486410690625 0.4321347828125 0.5165017703125 0.4880107609375 0.5443586765624999 0.5118933453125 0.5977203281250001 0.51304356875 0.6405748265625 0.5344339171875 0.697556846875 0.5434589828124999 0.7904106890625 0.5411289140625 0.8236722921874999 0.5001546375 0.82856086875 0.46928937656249997 0.819321925 0.45078939843750004 0.830205121875 0.4281750234375 0.9099415921875 0.416465934375 0.912949946875 0.397471928125 0.8423565249999999 0.366820546875
1 0.440850078125 0.32026484375000003 0.385114175 0.31873857656250004 0.3679783015625 0.350097865625 0.2861256390625 0.344435109375 0.275876546875 0.3476794328125 0.27761669375000003 0.36742552812499996 0.29872689218750004 0.38780572812499997 0.34346161249999996 0.39732482343750003 0.3875843203125 0.37997506875 0.39646930937499997 0.35461039843750003 0.467320790625 0.36826598125 0.48894710625000004 0.35465457968749997 0.5031926125 0.356910846875 0.4915794171875 0.3380348234375 0.440850078125 0.32026484375000003
1 0.15039520625 0.371613728125 0.100535940625 0.363716796875 0.0721629140625 0.3738258125 0.063771953125 0.4114377828125 0.07787738281249999 0.4453113984375 0.105616303125 0.4545724328125 0.1281126953125 0.45083407812500004 0.1757377875 0.42673761718750003 0.181378453125 0.3911238546875 0.15039520625 0.371613728125
1 0 0.5108928734375 0.015490667187500001 0.5011431921875 0.03960921875 0.5025293859375 0.046001973437499996 0.46216712343750005 0.0360109421875 0.448415646875 0.0020193421875 0.4478995265625 0 0.464454203125 0 0.5108928734375
1 0.49799426406249997 0.2514336625 0.44775895312499997 0.24591098125 0.43736978437499996 0.2807726546875 0.52070453125 0.32317730624999996 0.5729380500000001 0.3314502828125 0.6186829203124999 0.31922507499999997 0.6113241984375 0.2888538421875 0.49799426406249997 0.2514336625
1 0.7859348078124999 0.23132608437500002 0.7265785359375 0.2219249734375 0.71719951875 0.23504234531249998 0.72719055 0.24879382031250002 0.7866648046875 0.27281648125 0.8212684187500001 0.3002014484375 0.87387798125 0.3061001734375 0.890379753125 0.2941109359375 0.8590204640625 0.276975059375 0.8441629453124999 0.2478499453125 0.7859348078124999 0.23132608437500002
1 0.7671546796875 0.303799725 0.7264163703125 0.299781221875 0.7170373515625 0.31289859375 0.7527690984375 0.3331608078125 0.784010403125 0.335675134375 0.7933894234375 0.3225577625 0.7671546796875 0.303799725
1 0.6841517953125 0.3514986203125 0.6454116921875 0.35023041093749996 0.6420272921875 0.37159866875 0.6733865812500001 0.38873454375 0.7073781828125 0.38925066406250003 0.717133246875 0.373759040625 0.6841517953125 0.3514986203125
1 0.639977375 0.21551012812499998 0.58536960625 0.20686110625 0.570489996875 0.223974890625 0.61021815625 0.24973769687499997 0.64583191875 0.2553783640625 0.661087571875 0.235890328125 0.639977375 0.21551012812499998
1 0.5626372468749999 0.18135636093750002 0.516398346875 0.1813342703125 0.5378845890624999 0.19934021875000002 0.5861216953125 0.2021126046875 0.583253415625 0.1894892625 0.5626372468749999 0.18135636093750002
1 0 0.9270403437500001 0.2484624578125 0.9663929296875 0.2518468578125 0.9450246718749999 0.2429839578125 0.92415044375 0.17601090625 0.9013739031249999 0.04042055 0.8969351734375 0 0.9196090046875 0 0.9270403437500001
1 0.6881185875 0.15742206718750001 0.580525209375 0.1452485703125 0.5680198515625 0.1627383984375 0.617621059375 0.18763113125 0.7423282203125 0.2146842359375 0.7933156203125 0.21545841718749997 0.8019425515625 0.20708954687499997 0.8038227734375001 0.1952182921875 0.79108144375 0.183465021875 0.6881185875 0.15742206718750001
1 0.44754507343750005 0.17042898281250002 0.350200790625 0.15501116406249998 0.33045469375000003 0.15675130937499998 0.3203235875 0.1746171828125 0.38854275625 0.204892521875 0.4686552703125 0.19080918281249998 0.4681612421875 0.178561884375 0.44754507343750005 0.17042898281250002
1 0.3439039296875 0.25623387656249996 0.30316562187499996 0.252215371875 0.306151884375 0.2794602640625 0.3318926 0.285971003125 0.3571392859375 0.2802344421875 0.36176980312499996 0.2663649828125 0.3439039296875 0.25623387656249996
1 0.47532817656250004 0.0872122203125 0.3962258109375 0.0795512578125 0.3888449984375 0.0954189234375 0.3940875296875 0.10841831093750001 0.4546899171875 0.12531821875 0.5044312 0.11859360000000001 0.4999407578125 0.1008457125 0.47532817656250004 0.0872122203125
1 0.36322226875 0.10352973437499999 0.30624024843750003 0.09450466874999999 0.2941109359375 0.10962024687500001 0.306594203125 0.1383693171875 0.33708341875 0.14563214375 0.344958259375 0.142011775 0.3420899796875 0.129388434375 0.384332465625 0.123909934375 0.38421448125 0.10928838437499999 0.36322226875 0.10352973437499999
1 0.3717533046875 0.034300415625000004 0.32626649531249996 0.0295298234375 0.30026772031250004 0.040014884375 0.24328570156249998 0.03098981875 0.2477761421875 0.048737707812499996 0.265265971875 0.061243065625 0.2460139046875 0.0752305109375 0.2781252828125 0.0876178859375 0.3306168609375 0.0788950625 0.32937074375000003 0.0713962640625 0.301255778125 0.06450948281249999 0.3023839109375 0.057386729687500006 0.33588148281249997 0.04565555 0.3793700859375 0.047675846875 0.3828724703125 0.040929140625 0.3717533046875 0.034300415625000004
1 0.9397600515625 0.7813926546875 0.9607522640624999 0.7871513046875 0.9739138171875 0.7040525265625 0.942414453125 0.718534 0.9326593890625 0.7340256234375 0.9269007390624999 0.755017834375 0.9397600515625 0.7813926546875
1 0.99252425 0.46361908906249993 0.9466613953125 0.461222746875 0.9372823765625 0.47434011875 0.9940063359375 0.500360984375 0.9997649875000001 0.47936877187500004 0.99252425 0.46361908906249993