1 0.6490384609375 0.5264423078125 0.6081730765625 0.53125 0.6081730765625 0.5480769234375 0.6298076921875 0.560096153125 0.6730769234375 0.5552884609375 0.6706730765625 0.5384615390625 0.6490384609375 0.5264423078125
1 0.5576923078125 0.5769230765625 0.5456730765625 0.5625 0.5168269234375 0.564903846875 0.5144230765625 0.591346153125 0.55048076875 0.596153846875 0.5576923078125 0.5769230765625
1 0.447115384375 0.73798076875 0.3822115390625 0.75 0.3822115390625 0.790865384375 0.4134615390625 0.80048076875 0.43990384687499995 0.7884615390625 0.4543269234375 0.76923076875 0.447115384375 0.73798076875
1 0.528846153125 0.7331730765625 0.51201923125 0.7644230765625 0.54326923125 0.7956730765625 0.59375 0.7980769234375 0.5985576921875 0.7572115390625 0.5889423078125 0.7355769234375 0.564903846875 0.71875 0.528846153125 0.7331730765625
1 0.8125 0.8990384609375001 0.84375 0.9302884609375001 0.89423076875 0.9302884609375001 0.9110576921875 0.9014423078125 0.9110576921875 0.8389423078125 0.8822115390624999 0.8076923078125 0.83173076875 0.7956730765625 0.8197115390624999 0.7956730765625 0.8076923078125 0.810096153125 0.8125 0.8990384609375001
1 0.721153846875 0.92548076875 0.7427884609375 0.966346153125 0.7764423078125 0.9735576921875 0.80048076875 0.95673076875 0.814903846875 0.91826923125 0.8052884609375001 0.88701923125 0.76923076875 0.8701923078125 0.7331730765625 0.872596153125 0.7235576921875 0.8822115390624999 0.721153846875 0.92548076875
1 0.5793269234375 0.8990384609375001 0.584134615625 0.9375 0.625 0.96875 0.646634615625 0.9615384609375001 0.6730769234375 0.935096153125 0.6730769234375 0.8918269234375 0.6394230765625 0.8653846156249999 0.596153846875 0.875 0.5793269234375 0.8990384609375001
1 0.622596153125 1 0.6177884609375 0.9759615390624999 0.5865384609375 0.95673076875 0.533653846875 0.966346153125 0.5 1 0.622596153125 1
1 0.4447115390625 0.8798076921875 0.447115384375 0.9158653843750001 0.4759615390625 0.9423076921875 0.509615384375 0.939903846875 0.5240384609375 0.92548076875 0.521634615625 0.8653846156249999 0.502403846875 0.8389423078125 0.46634615312500005 0.846153846875 0.4447115390625 0.8798076921875
1 0.346153846875 0.9278846156249999 0.3076923078125 0.935096153125 0.283653846875 0.9591346156249999 0.2740384609375 0.9855769234375 0.384615384375 0.9903846156249999 0.38701923125 0.9375 0.346153846875 0.9278846156249999
1 0.622596153125 0.716346153125 0.625 0.7451923078125 0.665865384375 0.783653846875 0.6875 0.783653846875 0.6947115390625 0.7644230765625 0.689903846875 0.7427884609375 0.6418269234375 0.7115384609375 0.622596153125 0.716346153125
1 0 0.966346153125 0.07451923125 0.96875 0.0769230765625 0.8581730765625 0.11778846093749999 0.79326923125 0.1923076921875 0.7956730765625 0.252403846875 0.7740384609375 0.32451923125 0.7259615390625 0.3701923078125 0.6730769234375 0.36298076875 0.6514423078125 0.32451923125 0.64423076875 0.3052884609375 0.6298076921875 0.2764423078125 0.634615384375 0.23317307656250003 0.6730769234375 0.20432692343749997 0.6730769234375 0.1923076921875 0.6634615390625 0.20673076875000002 0.653846153125 0.2115384609375 0.6298076921875 0.177884615625 0.615384615625 0.1298076921875 0.6201923078125 0.0769230765625 0.6514423078125 0.06971153906250001 0.6947115390625 0.096153846875 0.721153846875 0.096153846875 0.7548076921875 0.033653846875 0.8221153843750001 0 0.83173076875 0 0.966346153125