1 0.44078704062499996 0.7329776578125 0.37575494531250003 0.73043800625 0.23485335 0.7594115109375 0.2065281265625 0.7748325171875 0.1368895703125 0.8470183812500001 0.1245192265625 0.9749318671875 0.1393529828125 0.9864404171875 0.2019826953125 0.9890639625000001 0.374954184375 0.983023665625 0.40816806562499997 0.9698372531249999 0.501578759375 0.889605315625 0.5217740156249999 0.8480097875 0.5175259875 0.79524128125 0.4995348125 0.7621951890625 0.47235357499999997 0.741496575 0.44078704062499996 0.7329776578125
1 0.791504265625 0.6509763109375 0.8001070765625 0.6218121578125 0.7957751562500001 0.56664126875 0.7371112765625 0.5398261203125 0.6288363109375 0.5387965421875001 0.5622407625 0.5603646015625 0.539475340625 0.5972392578125 0.5484442406250001 0.647437596875 0.608198728125 0.7054837093749999 0.6495425765625 0.71847181875 0.7047973578125 0.7165422796875001 0.791504265625 0.6509763109375
1 0.8734979578125 0.7948370234375 0.9296755624999999 0.819333684375 0.9731701125000001 0.8250307546875 0.9889800703124999 0.795614921875 0.9877216750000001 0.7595791953125001 0.9781960406250001 0.7623171484375 0.9360132625 0.725305221875 0.924001353125 0.7257246875 0.8671831187500001 0.7517619375 0.8734979578125 0.7948370234375
1 0.2986193953125 0.5190589234375 0.3562765578125 0.5170454906249999 0.40141845312499996 0.50103723125 0.45452253281250005 0.50639873125 0.48508235156249996 0.48608906718749995 0.52175870625 0.4342967609375 0.5185173953125 0.4103568359375 0.4626753609375 0.39546970312499996 0.2843957515625 0.3872634953125 0.2739472921875 0.36357525 0.21860861874999998 0.36310240781249997 0.2134682828125 0.3536606671875 0.2223227734375 0.3317036578125 0.176425840625 0.32609048125 0.1026231484375 0.34791021875 0.1032942921875 0.367129271875 0.181009440625 0.388468515625 0.189055515625 0.412240653125 0.17763085781250001 0.429476790625 0.17872146718749998 0.46070775468749997 0.206741634375 0.505430184375 0.2986193953125 0.5190589234375
1 0.52809640625 0.3402682984375 0.5142693656249999 0.3575883296875 0.5286836578125 0.357084971875 0.5484899624999999 0.3732305 0.6204775234375 0.3683113265625 0.6262051093750001 0.394569740625 0.66788453125 0.417167378125 0.713445890625 0.413171028125 0.7368824593750001 0.39551542500000003 0.741016078125 0.3761285859375 0.731238765625 0.37165939375 0.6493061046874999 0.3673046109375 0.63611969375 0.33409073125 0.5806132328125 0.32881312500000004 0.52809640625 0.3402682984375
1 0.83077365 0.46680132656250006 0.8751071328125001 0.49652221562500004 0.8969802484375 0.502974325 0.9256410421875 0.4971628453125 0.9437694890625 0.46526073749999997 0.9400248171875001 0.4269065203125 0.9130952593749999 0.41341505312500004 0.8626452421874999 0.41517680781250005 0.8295152546875 0.43076559999999997 0.83077365 0.46680132656250006
1 1 0.5089100531249999 0.9668171046875 0.505346190625 0.9552246625 0.517777565625 0.95665084375 0.5586180546875 0.980758553125 0.56018150625 1 0.5758665781250001 1 0.5089100531249999
1 0.41523783906249995 0.27686068750000004 0.40423264531249997 0.306108734375 0.4481466625 0.3238177140625 0.5009990625 0.32197206718750004 0.5888804734375 0.29003944531250003 0.5828173125 0.2541715046875 0.5322834015625 0.253530875 0.41523783906249995 0.27686068750000004
1 0.308999165625 0.19638472499999998 0.2489396203125 0.1984820515625 0.18913175468750001 0.207786521875 0.1708355234375 0.234883865625 0.13762164375 0.24807027656249997 0.1525392921875 0.26198120937499997 0.2054755859375 0.26253794531249997 0.2431586578125 0.23957422031250003 0.3051172265625 0.22297870937500003 0.31670966875 0.2105473375 0.308999165625 0.19638472499999998
1 0.2996718328125 0.2736804078125 0.25874745 0.27270420624999997 0.2304222265625 0.2881252140625 0.2381327296875 0.30228782656250003 0.26944758593749996 0.3035995984375 0.3073823375 0.28784301874999996 0.2996718328125 0.2736804078125
1 0.37392450625 0.33362554375000003 0.33531861093750004 0.33016306875 0.299870134375 0.3482381359375 0.30766453125000004 0.3648031296875 0.3414656640625 0.368433390625 0.3746795421875 0.3552469796875 0.37392450625 0.33362554375000003
1 0.45099137031250003 0.19864218125 0.39573658906250003 0.200571721875 0.3723000234375 0.21822732500000003 0.38506696875 0.23942929531249998 0.4211026953125 0.2381709 0.4636744234375 0.2174417703125 0.45099137031250003 0.19864218125
1 0.5225594671875 0.1817111 0.47666253281250004 0.176097921875 0.4552088828125 0.1816577234375 0.450823584375 0.19383741875 0.49903900625000003 0.196964321875 0.5225594671875 0.1817111
1 0.69206858125 0.9719497859375 0.69282361875 0.9935712234375 0.9546832359374999 0.9844268843749999 0.9077795859375 0.9499851250000001 0.7726589546875 0.9378664609375 0.703409346875 0.9523112671874999 0.69206858125 0.9719497859375
1 0.23558542343750002 0.16046340625 0.23600488749999998 0.1724753171875 0.24354760625 0.1818331640625 0.2942493015625 0.18727855468750002 0.421323859375 0.17562508125 0.4735890078125 0.1569627609375 0.4633083359375 0.1380792796875 0.35503336874999997 0.13704970156250001 0.24966414218750002 0.150350521875 0.23558542343750002 0.16046340625
1 0.5707748875 0.184838003125 0.568791971875 0.19693380625 0.6465910125 0.22067542968749998 0.717991321875 0.1989395828125 0.7101130328124999 0.179972209375 0.6907261921875001 0.1758385890625 0.5922285375 0.179278203125 0.5707748875 0.184838003125
1 0.7255645546875 0.278050396875 0.684640171875 0.277074196875 0.665672796875 0.2849524859375 0.6685785359375 0.2992828828125 0.6929379265625 0.30805348125 0.719280234375 0.3047282765625 0.7255645546875 0.278050396875
1 0.548703471875 0.10382816718750001 0.5420835765625001 0.12089651718750001 0.5906345703125 0.13363295 0.65284481875 0.124244584375 0.6596325000000001 0.111980996875 0.654240484375 0.0953321109375 0.5747940984375 0.09329581718749999 0.548703471875 0.10382816718750001
1 0.660639215625 0.140809578125 0.7018991703124999 0.15139530625 0.697513871875 0.1635750015625 0.704888803125 0.1681280859375 0.7360358734375 0.1646350953125 0.7519297234375 0.13762164375 0.7417329453125 0.12114054375000001 0.68407578125 0.123153975 0.6625382390625 0.1263113953125 0.660639215625 0.140809578125
1 0.7297744140625 0.054209425 0.6840452671875 0.053401009374999996 0.67220114375 0.058625240625 0.6748552046875 0.0657484921875 0.7182658625 0.06904318125 0.7500840765625 0.08476924375 0.7503357562499999 0.091976390625 0.7215910671875 0.0953854875 0.7194403640625 0.1026765265625 0.7704776343749999 0.11773144531249999 0.8038593 0.10934979687499999 0.786455375 0.0931203765625 0.805338859375 0.0828397046875 0.8119587515625 0.065771353125 0.7543015890625 0.06778478593750001 0.7297744140625 0.054209425
1 0.0342506421875 0.662988321875 0.0047509171875 0.644775984375 0.007687171875 0.7288593453125001 0.029224715624999998 0.725701928125 0.0452024578125 0.7010908578125 0.0420450390625 0.679553315625 0.0342506421875 0.662988321875
1 0.06139370937500001 0.40707745624999997 0.015580668750000002 0.4038666609375 0.006474499999999999 0.4186165234375 0.00963191875 0.440154065625 0.0691042125 0.42124006718749996 0.06139370937500001 0.40707745624999997