1 0.463920659375 0.40873996406249996 0.47388899218749997 0.377111625 0.43303147031250006 0.3871006078125 0.40004979531249996 0.3823828046875 0.414431109375 0.41596149843749997 0.463920659375 0.40873996406249996
1 0.3979911375 0.3707075765625 0.42379022656250004 0.338934896875 0.397767721875 0.3406515203125 0.37038405625 0.34848955625 0.373472034375 0.36600234375 0.3979911375 0.3707075765625
1 0.3711560484375 0.3528677390625 0.384409628125 0.319552884375 0.3556483515625 0.32249721249999996 0.32282687499999996 0.328284525 0.34412690156250003 0.3531194 0.3711560484375 0.3528677390625
1 0.20089733437500001 0.471670546875 0.24290491250000001 0.47479689531249997 0.2964971375 0.4668518890625 0.322003334375 0.4095344234375 0.2806688953125 0.41547104843750005 0.2421036875 0.422271134375 0.20600011562499998 0.42863716875 0.20089733437500001 0.471670546875
1 0.7015615671875 0.7776403515625 0.595678384375 0.8249011156250001 0.616706453125 0.8991311718749999 0.7285667390625 0.9068033921875 0.772895040625 0.8463200765625001 0.7591255 0.8066143421874999 0.7015615671875 0.7776403515625
1 0.50515211875 0.7385387609375 0.4877412953125 0.7837424359375 0.5278995125 0.779400015625 0.6100352140624999 0.733588015625 0.596522959375 0.6953417796875 0.541289665625 0.7035760328125 0.50515211875 0.7385387609375
1 0.6547565093750001 0.560177465625 0.691617021875 0.5681314953125 0.7243904671875 0.53285139375 0.6879178171875 0.5227299734375 0.6488864765625 0.5220883890625 0.6547565093750001 0.560177465625
1 0.349565840625 0.8637830359375 0.28805954843750003 0.8460375515624999 0.24439156875 0.895871071875 0.21861509375 0.9320163609375 0.2250968546875 0.9639785156249999 0.273057025 0.97207431875 0.331583671875 0.9437647515625001 0.40376517968750003 0.9264553546875 0.45830890625 0.8807232609375 0.44967131718750003 0.8461317390625 0.349565840625 0.8637830359375
1 0.2939197078125 0.7833085953125 0.276159115625 0.7593544296875 0.2322677640625 0.7791317703125 0.0680461953125 0.8228761703125 0.1650614671875 0.83462048125 0.227422321875 0.8236245796875 0.27983956718749997 0.82341061875 0.2939197078125 0.7833085953125
1 0.0850659203125 0.6064574406250001 0.027385621875 0.639199621875 0.087135990625 0.66719613125 0.1561274453125 0.649603971875 0.1686150078125 0.6052684578124999 0.13675976875 0.5973424203125 0.0850659203125 0.6064574406250001
1 0.583592671875 0.3485144359375 0.624876853125 0.34273972812500003 0.6127629828125001 0.32681845 0.5714788015625001 0.3325931578125 0.583592671875 0.3485144359375