1 0.5630102531250001 0.3920059578125 0.514791646875 0.3911111125 0.554678303125 0.4186804125 0.5630102531250001 0.3920059578125
1 0.5821737 0.3312476015625 0.552291646875 0.3429629640625 0.6046700031250001 0.3564401109375 0.5821737 0.3312476015625
1 0.6554949484375 0.316428484375 0.6221671484375 0.3119827609375 0.5918749812499999 0.3133333359375 0.6046700031250001 0.3371752703125 0.6463297531250001 0.3431028828125 0.6554949484375 0.316428484375
1 0.70382015625 0.39052406875 0.6689583140625001 0.38925926093749996 0.7104857421874999 0.437945253125 0.7571447124999999 0.437945253125 0.7863065359375 0.421644190625 0.763810296875 0.389042178125 0.70382015625 0.39052406875
1 0.2663928484375 0.9091932093749999 0.3247164984375 0.9595781156250001 0.466359646875 0.931421884375 0.48052393593750004 0.8588081890625 0.383040146875 0.8143508390624999 0.3288824734375 0.815832728125 0.2663928484375 0.9091932093749999
1 0.8412973296875 0.860290078125 0.792972121875 0.8365795140625 0.72465003125 0.8588081890625 0.6696592375 0.83954329375 0.6196675375 0.86177196875 0.6096692234375001 0.8914102015625 0.6488293625 0.9210484359375 0.7629770515625001 0.9417952218750001 0.8571281109375001 0.9462410015625 0.8712924 0.90622931875 0.8412973296875 0.860290078125
1 0.8962882499999999 0.7936040531249999 0.9679166468749999 0.768888890625 0.942113975 0.6661596171874999 0.8379646015625 0.6676415625 0.8079695296875 0.743219034375 0.759644321875 0.7521104828125 0.7779745874999999 0.781748715625 0.8496292796875 0.798049834375 0.8962882499999999 0.7936040531249999
1 0.8471297968749999 0.5698353578125 0.8729587656250001 0.6054013734375 0.9397916468749999 0.637407409375 0.9529455359375 0.54612479375 0.8912890296875 0.5342695125 0.8471297968749999 0.5698353578125
1 0.6429970234375 0.731363809375 0.6856249812499999 0.72814815 0.67882430625 0.69579785 0.637997803125 0.7002436296875 0.6429970234375 0.731363809375
1 0.3671875 0.55546875 0.28125 0.55546875 0.28125 0.61796875 0.3671875 0.61796875 0.3671875 0.55546875
1 0.40859375 0.35234375 0.35859375 0.35234375 0.35859375 0.38046875 0.40859375 0.38046875 0.40859375 0.35234375