1 0.44604934218750003 0.4474651625 0.41820830937500003 0.43147588593749997 0.391628534375 0.41446288750000004 0.3959989953125 0.3783787625 0.37912123750000004 0.3575417890625 0.34431524375 0.351661509375 0.2938679921875 0.348637209375 0.2691894578125 0.382035296875 0.30152437499999996 0.40747025625 0.3531890453125 0.4148507484375 0.38336632812500004 0.45386259375 0.4202938453125 0.4744330453125 0.44604934218750003 0.4474651625
1 0.3300573328125 0.448318521875 0.30244749375 0.43714093906249996 0.2747983484375 0.4365847703125 0.2455822203125 0.46591714062499995 0.260615728125 0.49435332499999995 0.314253871875 0.495610909375 0.3300573328125 0.448318521875
1 0.6469250640624999 0.4726461046875 0.6055735453125 0.45078531093749996 0.6280962406249999 0.49790470468750003 0.64936348125 0.5019943765625 0.6469250640624999 0.4726461046875
1 1 0.7992022875 0.9725468890625001 0.783134525 0.950707925 0.7820700875 0.973433896875 0.8410722640625 1 0.85749120625 1 0.7992022875
1 0.856887171875 0.895895953125 0.923678515625 0.9614558703125 0.9663782671875 0.9428444031250001 0.9291905187499999 0.8523809203124999 0.8488604750000001 0.785030271875 0.783451875 0.69703568125 0.760082009375 0.6975927296875 0.800166353125 0.811604040625 0.856887171875 0.895895953125
1 0.595489228125 0.6388726859375 0.5953839359375 0.6123346984375 0.5747244453125 0.5769528625 0.5180985953125 0.58934484375 0.53754053125 0.6203703859374999 0.595489228125 0.6388726859375
1 0.6112227828125001 0.42053961875 0.6765705421875 0.44216857656249997 0.72718684375 0.4267573515625 0.6862383624999999 0.40802629375 0.6405129296875 0.401613734375 0.622898203125 0.41059268437499996 0.6112227828125001 0.42053961875
1 0.6022178109375 0.9390026703125001 0.6044131171875 0.9927749546875001 0.7035188015625 0.968816840625 0.6841319234375 0.9288609015624999 0.6161040671875 0.839607915625 0.5474875499999999 0.8009839124999999 0.525282025 0.8817680234375 0.6022178109375 0.9390026703125001
1 0.378895178125 1 0.35628943281250003 0.9099411328125001 0.288576884375 0.8816510046875001 0.2592506203125 0.9288438906250001 0.22723108125000002 0.9643718953124999 0.24467239843750002 1 0.378895178125 1
1 0.2204857171875 1 0.23077140156249998 0.9283603984375001 0.2269708359375 0.894478696875 0.1574710328125 0.9317981375000001 0.1704759390625 0.975287525 0.1944882703125 1 0.2204857171875 1
1 0.23519655312499999 0.8711581781250001 0.23894069375 0.8592173750000001 0.2592277578125 0.7756260078125 0.2331457125 0.74518123125 0.1992267265625 0.797238690625 0.192753696875 0.837969415625 0.23519655312499999 0.8711581781250001