1 0.2999397359375 0.410948225 0.3517253453125 0.41742592187499994 0.38257888281249997 0.45590515781249996 0.4198597796875 0.475828003125 0.44514069999999994 0.4484147328125 0.41702485625 0.432913784375 0.3901522125 0.41636725781250006 0.393892253125 0.380212353125 0.37665340937499997 0.3596731125 0.341750090625 0.354401175 0.2912577421875 0.3522577609375 0.2671658421875 0.3860814625 0.2999397359375 0.410948225
1 0.2737258984375 0.4405247390625 0.245026140625 0.470362534375 0.260553640625 0.4985320171875 0.3142055625 0.49885329375 0.32918125 0.4512923015625 0.30138054062499997 0.4405982796875 0.2737258984375 0.4405247390625
1 0.6464252953125 0.47008607500000005 0.60469855 0.44895029375 0.6280401624999999 0.4956694375 0.6493755390625 0.4993873203125 0.6464252953125 0.47008607500000005
1 1 0.7875382328125 0.977416296875 0.7748443218750001 0.9555620812500001 0.7741611890625 0.979314321875 0.83275775625 1 0.8450486906249999 1 0.7875382328125
1 0.85378180625 0.7788984046875 0.7868474515625 0.6920587546875 0.7634908671875 0.693023578125 0.8055588765625 0.80631795625 0.863742153125 0.8896071156250001 0.931667503125 0.9539913796875 0.9740359359375 0.9346375328125 0.9352750453124999 0.8448368437499999 0.85378180625 0.7788984046875
1 0.5973299203125 0.6106529109375 0.5760560765625 0.5756370203125 0.5196551203124999 0.589015371875 0.5396355671874999 0.6196968796875 0.597898346875 0.63718501875 0.5973299203125 0.6106529109375
1 0.72587398125 0.42280355 0.6846048359375 0.40478999531250004 0.6387744515625 0.39917643125 0.6213191124999999 0.4084614328125 0.60981906875 0.418610615625 0.6755343515625001 0.43909580468750004 0.72587398125 0.42280355
1 0.6915885328125 0.9255820390625 0.622013359375 0.8375298953125 0.5527332109375 0.8001092999999999 0.5319409453125 0.881268646875 0.6098638953125 0.9371518609375 0.6129973234375 0.9908776421875001 0.7116697875 0.9651935437500001 0.6915885328125 0.9255820390625
1 0.38709044062500003 1 0.3634657796875 0.9123867921875 0.2952698125 0.8852827203125001 0.2667716453125 0.93298023125 0.2353770328125 0.9690616437499999 0.25119775624999996 1 0.38709044062500003 1
1 0.2298586140625 1 0.23828832656249999 0.9329938437499999 0.233897021875 0.89918363125 0.16505911874999998 0.9377103265625 0.1788210390625 0.9809661249999999 0.19797271249999998 1 0.2298586140625 1
1 0.264074765625 0.779786084375 0.23746535937500002 0.7498011390625 0.2044600671875 0.8024426359374999 0.198698871875 0.8432801296875001 0.2417144875 0.87572310625 0.24524966250000002 0.8637187781250001 0.264074765625 0.779786084375