1 0.5648854125 0.39312208593750003 0.5166897671874999 0.391385846875 0.5560891984375 0.419647065625 0.5648854125 0.39312208593750003
1 0.5851063203125 0.33270743281250004 0.55502435625 0.343899496875 0.6071595265624999 0.35828871875 0.5851063203125 0.33270743281250004
1 0.6254298953124999 0.3141435078125 0.5951187703125 0.31496520625 0.6074957453125001 0.3390268125 0.6490456984375 0.3456805859375 0.65867503125 0.3191702046875 0.6254298953124999 0.3141435078125
1 0.70569973125 0.3940978953125 0.6708652734375 0.39222485625000003 0.7115366890625 0.4416281875 0.758188553125 0.44244249843750005 0.7876304281250001 0.4266528625 0.7657065984375 0.3936632015625 0.70569973125 0.3940978953125
1 0.25928702187499997 0.9050538796875 0.3167224515625 0.9564489999999999 0.4588354203125 0.9307690718750001 0.4742648359375 0.8584136359375 0.37757178125 0.8122617312499999 0.32339649375 0.8127982125000001 0.25928702187499997 0.9050538796875
1 0.6414583859375 0.9235817390625 0.755226609375 0.9463175171874999 0.8492857390624999 0.9524057812500001 0.864146171875 0.91264739375 0.8349574203125 0.8661916640625 0.787053378125 0.8416413203124999 0.71835375 0.8626742249999999 0.66370755 0.8424525421875 0.6133355203125 0.86380535625 0.6028214703125 0.8932645796875001 0.6414583859375 0.9235817390625
1 0.7730150578125 0.7865571296875 0.8443743421875001 0.8041063125000001 0.891103796875 0.8004755187500001 0.9631526234375001 0.777014209375 0.939146753125 0.6738502625 0.8349873796875 0.673514325 0.8036778671875 0.7485568 0.7552048421875 0.756603503125 0.7730150578125 0.7865571296875
1 0.8710624546875 0.6118943484375 0.9373265749999999 0.6450619046875 0.9520715609374999 0.5540227578125 0.8906313484374999 0.541093228125 0.8458581328125 0.575882971875 0.8710624546875 0.6118943484375
1 0.6753799265625 0.69888894375 0.6344820515625 0.702621525 0.6389373890625001 0.7338242140625 0.681614975 0.7313530046875 0.6753799265625 0.69888894375
1 0.36640625 0.5515625 0.27890625 0.5515625 0.27890625 0.615625 0.36640625 0.615625 0.36640625 0.5515625
1 0.4109375 0.34921875 0.3609375 0.34921875 0.3609375 0.37890625 0.4109375 0.37890625 0.4109375 0.34921875