1 0.61851354375 0.360219884375 0.6290647703125 0.323091359375 0.5968124265625 0.32705145 0.568047715625 0.32596539999999996 0.5562616296875 0.34546785 0.5385811859375 0.3655552328125 0.5452444984375 0.38563961562500004 0.5760521109375001 0.369912603125 0.61851354375 0.360219884375
1 0.5582859625000001 0.4303226171875 0.5649304093749999 0.41606939218749994 0.5416987921875001 0.411456675 0.51203375 0.4168022015625 0.4947887171875 0.439612115625 0.524455575 0.44194166875 0.5582859625000001 0.4303226171875
1 0.7918568265625 0.40462981249999996 0.7639484203125 0.3961121640625 0.7234262296875 0.4010876625 0.6717060640625 0.4009284234375 0.6968295734375001 0.423762896875 0.7419525203124999 0.4152364015625 0.7918568265625 0.40462981249999996
1 0.38828125 0.39453125 0.32578125 0.39453125 0.32578125 0.43515625 0.38828125 0.43515625 0.38828125 0.39453125
1 0.49280004218749995 1 0.5309075984375 0.9935744703125 0.5551278609375 0.9652189515625 0.519168625 0.8979681984375001 0.44249680468749997 0.8820006687499999 0.368581384375 0.9089927828125001 0.34536870468749997 0.9387177171875001 0.3155686546875 0.955813978125 0.320806046875 0.99846910625 0.3258220796875 1 0.49280004218749995 1
1 0.937841090625 0.91673454375 0.8988019328125001 0.872257678125 0.81683555625 0.8405167046875001 0.7855336296875 0.872727890625 0.6998884875 0.8862298281250001 0.6701358703125 0.92422296875 0.7603149828125 0.9516420562500001 0.808698409375 0.9520008453125 0.894238903125 0.9444838265625 0.937841090625 0.91673454375
1 0.8865422328125 0.2869979921875 0.835373734375 0.28730856562499996 0.8327310203125 0.320479896875 0.8942940281249999 0.34188015625 0.8865422328125 0.2869979921875
1 0.5610030453125 0.7942909218749999 0.514102640625 0.7746678109375 0.48949257656249995 0.8135225437500001 0.5420979499999999 0.849698371875 0.5833978796875 0.8467836390624999 0.5910024890625001 0.8130030625 0.5610030453125 0.7942909218749999
1 0.9862251343749999 0.7570106187500001 0.9593723921875 0.6408644203125 0.8791736640625001 0.68505150625 0.8609989046875001 0.721623065625 0.8185089812499999 0.7447566140624999 0.829820484375 0.78218688125 0.8972147640625 0.79780053125 0.9862251343749999 0.7570106187500001
1 0.9980034328125 0.5316082843750001 0.9575097953125 0.5231429484375 0.8773397375 0.5538891265625 0.9500263859375 0.590646059375 0.9980034328125 0.5316082843750001
1 0.8602295796874999 0.5649482671875 0.8435379640624999 0.552067334375 0.808880603125 0.5637879265625 0.81064824375 0.6397159328125 0.8593265406249999 0.6297689828124999 0.8602295796874999 0.5649482671875