1 0.4141334875 0.334031703125 0.38563987499999997 0.338118534375 0.35315027187500003 0.337551425 0.367524684375 0.373373653125 0.41076667499999997 0.3785748453125 0.443049440625 0.39099543125 0.4475768609375 0.37032456874999997 0.42789357031249997 0.352195334375 0.4141334875 0.334031703125
1 0.4793356328125 0.41851583750000004 0.449274340625 0.416300434375 0.42665214999999995 0.4233162484375 0.43475006406250005 0.4367968578125 0.46960964687500006 0.444816021875 0.49887048125 0.4393982 0.4793356328125 0.41851583750000004
1 0.318878759375 0.41941931875 0.2674585671875 0.42498391562500004 0.22663828125 0.4242713953125 0.199773096875 0.43565960625000005 0.2505127125 0.4409916703125 0.29627973281250003 0.44475482343749995 0.318878759375 0.41941931875
1 0.6625 0.3828125 0.603125 0.3828125 0.603125 0.41875 0.6625 0.41875 0.6625 0.3828125
1 0.67035009375 1 0.7000932515625 0.9898192828125 0.7303165203125 0.977007571875 0.7310665453125 0.93403865625 0.6996426984374999 0.9201510031250001 0.673450078125 0.8930152921875001 0.5971181296875 0.873897309375 0.5225353875 0.8977917546875 0.49380275625000003 0.9684328640625001 0.520854296875 0.9941013406250001 0.6153758546875 1 0.67035009375 1
1 0.2883205 0.9763782390625 0.375139528125 0.939683071875 0.3415785328125 0.90500805625 0.254991228125 0.900532440625 0.2204937890625 0.8717696515625001 0.14229426875 0.911904565625 0.10811806875 0.9602184843750001 0.1543819890625 0.983258084375 0.24023962656250003 0.9817925078125 0.2883205 0.9763782390625
1 0.0913379328125 0.383961303125 0.1503267546875 0.3562431890625 0.14423116875 0.3235298125 0.0933105140625 0.3285695046875 0.0913379328125 0.383961303125
1 0.49468610156250004 0.852183121875 0.5432218921875 0.810706709375 0.5146852187500001 0.7746372781249999 0.4700929125 0.7990553203124999 0.4422137609375 0.8208007484375001 0.45330774375000005 0.8536013734375001 0.49468610156250004 0.852183121875
1 0.0433033828125 0.8064270546874999 0.136089853125 0.837689396875 0.20148286875000002 0.8151166609375 0.2088198765625 0.776709065625 0.1641446046875 0.7581436515625 0.14224663906249999 0.723672215625 0.0578684390625 0.688110240625 0.0433033828125 0.8064270546874999
1 0.061914000000000004 0.6371900562499999 0.13036031718750002 0.5930366578124999 0.0474155890625 0.5708389640625 0.008028648437499999 0.5834906656250001 0.061914000000000004 0.6371900562499999
1 0.156206440625 0.6666179453125001 0.2056578125 0.6714221390625 0.19947913125 0.5957253046875 0.16378649218750002 0.5876915984375 0.1485327390625 0.60224671875 0.156206440625 0.6666179453125001