1 0.52848505 0.4311152546875 0.5559615171875001 0.4476826546875 0.5787664640625 0.44305389375 0.5962459515625 0.42932724375 0.5516684578125 0.41261751875 0.52848505 0.4311152546875
1 0.5829165187500001 0.388935159375 0.6212013171875 0.4037960921875 0.63661215 0.3849125953125 0.6163034828125 0.3641290265625 0.5861231640625 0.3604999296875 0.5829165187500001 0.388935159375
1 0.64910553125 0.38979434999999996 0.6771982859375 0.391185065625 0.6942187046875 0.3727328546875 0.6578893515625001 0.353793271875 0.6361938828125 0.3547445578125 0.64910553125 0.38979434999999996
1 0.660649575 0.34993031874999997 0.681687690625 0.3647726265625 0.7026125359375001 0.370379421875 0.7093591453125 0.3645162328125 0.682192328125 0.344063665625 0.660649575 0.34993031874999997
1 0.7865946796875 0.5140831765625 0.8044575859374999 0.49892509687500003 0.7459018171875 0.46635908437499995 0.69713179375 0.4573458375 0.710980734375 0.4968908671875 0.7468510328125 0.5111048375 0.7865946796875 0.5140831765625
1 0.2935115171875 0.7961926625 0.21540135624999998 0.8044127 0.1629630265625 0.8455926312500001 0.176864540625 0.8999457765625 0.20407063124999997 0.9271799968750001 0.242053696875 0.9174131578125 0.3541919515625 0.9367211281250001 0.3669308390625 0.863425109375 0.3355876265625 0.8258772453125 0.2935115171875 0.7961926625
1 0.7389823468750001 1 0.7354494375 0.988250634375 0.6704994125 0.9248216921875001 0.6176463296875 0.9321384046875 0.57085450625 0.9103953515625 0.500905490625 0.930007265625 0.5576566578125 0.9789658984375 0.6043447921875 1 0.7389823468750001 1
1 0.4361716578125 0.36035431875 0.40873290000000007 0.3468653515625 0.3821743234375 0.3397490015625 0.40869676093749996 0.36663965625 0.4361716578125 0.36035431875
1 0.410191778125 0.8118255671875 0.4577734859375 0.8141253765625001 0.4689276609375 0.8079090250000001 0.4627218984375 0.7924384812499999 0.4262040390625 0.7581065703125 0.3788714296875 0.7576972671875 0.37970746875 0.79320765 0.410191778125 0.8118255671875
1 0.6211240250000001 0.7903907328125 0.626380528125 0.7611154515624999 0.5992875984375 0.7431166546875 0.56065695625 0.73276560625 0.5772709515625001 0.7799071718749999 0.6211240250000001 0.7903907328125
1 0.87457495625 0.787730028125 0.789875475 0.781910971875 0.74126618125 0.8409929343749999 0.7006423828125 0.8316421015625 0.7051566734375 0.8727405625 0.786209225 0.9082662421875 0.8662328609375001 0.8726717078125 0.86416854375 0.8877322375000001 0.905654134375 0.803728609375 0.87457495625 0.787730028125
1 0.9356085234375 0.695156725 0.8992037937499999 0.6700601140625 0.8285318875 0.6633971234375 0.8438920812499999 0.705867571875 0.8796124390625 0.7382199296875 0.9356085234375 0.695156725
1 0.8069152125000001 0.6668101156249999 0.7578222078125 0.653655684375 0.7601170484375 0.677283403125 0.7858480390625 0.6977584109375 0.8069152125000001 0.6668101156249999