1 0.4541214421875 0.41341045000000004 0.49667137187500005 0.39016146875 0.44862337500000005 0.3860111953125 0.4541214421875 0.41341045000000004
1 0.410909484375 0.346285553125 0.46440965156249997 0.3383572640625 0.43591588437500006 0.3235825546875 0.410909484375 0.346285553125
1 0.3981552484375 0.30024279531250003 0.3645453171875 0.3011804609375 0.370872071875 0.3286667578125 0.412923209375 0.32712624687499997 0.4281402984375 0.304752365625 0.3981552484375 0.30024279531250003
1 0.249233134375 0.36207433125 0.22345229375 0.39214625000000003 0.25075044062499996 0.411406253125 0.2971538078125 0.41628344375 0.3435428171875 0.3722049578125 0.3087397421875 0.36981878125 0.249233134375 0.36207433125
1 0.6371666171875 0.8319892156250001 0.583460525 0.8248544265625 0.481863703125 0.8588784031250001 0.4883602015625 0.932574884375 0.6262842859375 0.9753826140624999 0.6895550890625 0.931370203125 0.6371666171875 0.8319892156250001
1 0.1734506703125 0.8041117703125 0.1229117640625 0.8226410859375 0.0882790515625 0.865193328125 0.0981833875 0.90646639375 0.1922833890625 0.9118864343749999 0.30797439375 0.903184984375 0.3500180484375 0.877802459375 0.34317254531249997 0.8472814796874999 0.295778234375 0.8199490203125 0.23907495625 0.833360278125 0.1734506703125 0.8041117703125
1 0.21542531562499997 0.7235891734375001 0.16829424843750002 0.7096950734374999 0.14636348906250002 0.631396284375 0.0429395625 0.6190358828125 0.006540106249999999 0.71850528125 0.075192678125 0.7505722578125 0.12113133437500001 0.7598708750000001 0.1940974265625 0.7511490109375 0.21542531562499997 0.7235891734375001
1 0.1180668984375 0.5658391671875 0.147472034375 0.5331678484375 0.10727235312500001 0.49318093906250005 0.04471439375 0.4985264171875 0.0482545921875 0.5906839328125 0.1180668984375 0.5658391671875
1 0.29154391562500004 0.7074952359375 0.33360222500000003 0.7151491156249999 0.3418270046875 0.6847219765625 0.3016888640625 0.67603301875 0.29154391562500004 0.7074952359375
1 0.71171875 0.56875 0.61953125 0.56875 0.61953125 0.640625 0.71171875 0.640625 0.71171875 0.56875
1 0.65625 0.36328125 0.603125 0.36328125 0.603125 0.39609375 0.65625 0.39609375 0.65625 0.36328125