1 0.4992655703125 0.401869609375 0.5478567171875001 0.3900261875 0.5486120390625 0.3535052296875 0.5197992828125 0.3702346546875 0.478174909375 0.3762785265625 0.4992655703125 0.401869609375
1 0.5461471765625 0.341908959375 0.5671182828125 0.3283613265625 0.5634209984375 0.31096697500000003 0.5350951265624999 0.3139577765625 0.5103244218749999 0.32211435312500003 0.5461471765625 0.341908959375
1 0.5643453171874999 0.3153155484375 0.5895005796875 0.3054235890625 0.5999463109375001 0.2744179625 0.567346803125 0.2813472015625 0.539576846875 0.28939143125 0.5643453171874999 0.3153155484375
1 0.6311466328125 0.349443053125 0.6762670671875 0.39303209375 0.728933165625 0.3803225734375 0.7667107625 0.3616875578125 0.745858959375 0.32369923906250003 0.7099995515625 0.3313213921875 0.67169515625 0.3394632421875 0.6311466328125 0.349443053125
1 0.37460277343750004 0.8813579875 0.37670990781249997 0.9233306656250001 0.44046784375000003 0.9628041453125 0.5413088296875 0.9137869859375 0.532998646875 0.837084821875 0.41712127499999996 0.83292994375 0.37460277343750004 0.8813579875
1 0.5379778140625 0.7042197921875 0.48368178906250003 0.7172758796875 0.4854807375 0.757798953125 0.5787971109375001 0.7695065249999999 0.6176578609375001 0.7584892125 0.5845812312499999 0.7230993046874999 0.5379778140625 0.7042197921875
1 0.3790551390625 0.6137683828125 0.37022931875 0.5762538546875 0.33428043125 0.5914701171875001 0.3042551296875 0.61451743125 0.3478582984375 0.6349514218750001 0.3790551390625 0.6137683828125
1 0.887260015625 0.8526853515624999 0.92869516875 0.8272128578125001 0.92273171875 0.7951499546874999 0.8852919234375 0.7712926625 0.8261357140625 0.741446140625 0.775755646875 0.7809401296875 0.6763271750000001 0.8020743031249999 0.6812767531249999 0.8373827031250001 0.748980359375 0.8593523218750001 0.8223901031249999 0.8483616453125 0.887260015625 0.8526853515624999
1 1 0.6402188359375 0.8528016078125 0.6585122109375 0.8046975328125001 0.6566169687500001 0.7972035875000001 0.6854801203124999 0.8252809484375 0.7173875546875 0.8739615234375 0.6979500890625 0.9359006375 0.684784525 1 0.6493962296875 1 0.6402188359375
1 0.8732555906250001 0.454182134375 0.8466890734374999 0.47346421093749996 0.8748757156250001 0.5098934609375 0.9454336171875 0.5003599734375 0.9903455171875001 0.45201917968750005 0.9245998390624999 0.443268578125 0.8732555906250001 0.454182134375
1 0.371014303125 0.37155950937500004 0.3305730328125 0.3816706203125 0.3253054625 0.4009705078125 0.365746734375 0.390859396875 0.371014303125 0.37155950937500004