1 0.526342421875 0.405468578125 0.5763157203125 0.4074774859375 0.587108321875 0.37257948281250003 0.55480046875 0.38071896562499996 0.5131226359375 0.3750554765625 0.526342421875 0.405468578125
1 0.5879353093749999 0.3607530234375 0.6118282640625 0.3535106234375 0.6130687390625 0.33577099062500004 0.5850157874999999 0.330838265625 0.5589564 0.33185113906249997 0.5879353093749999 0.3607530234375
1 0.6127586218750001 0.340205884375 0.6396660062499999 0.3376308515625 0.658253396875 0.310705565625 0.62500678125 0.30838073593750004 0.5960952953125 0.3084589078125 0.6127586218750001 0.340205884375
1 0.667565353125 0.391424284375 0.69892313125 0.4457616375 0.7530522515625 0.44806120624999995 0.7945029156250001 0.44056099531250004 0.7849298765625 0.39829674531250003 0.7483586515625 0.3957394359375 0.7092939046875 0.3930077625 0.667565353125 0.391424284375
1 0.27434394218749997 0.8320206656250001 0.2648002125 0.8729481984374999 0.31520790781249997 0.9284666109374999 0.4256534453125 0.9091438359374999 0.438807165625 0.8331223874999999 0.3285639265625 0.7971883296875 0.27434394218749997 0.8320206656250001
1 0.48021601406250003 0.7067767671875 0.4244245796875 0.7043610734375 0.41498416718750003 0.7438102078125 0.501458578125 0.7807857265625 0.5418507109374999 0.7809066812500001 0.5198101953125 0.7377705625 0.48021601406250003 0.7067767671875
1 0.3523815203125 0.5760242671875 0.3542380046875 0.5375302625 0.3154875453125 0.5422482171875 0.280272671875 0.5561266218750001 0.31655435625 0.587787696875 0.3523815203125 0.5760242671875
1 0.7750449609375 0.945766246875 0.8218961578125 0.9327015890625001 0.8250014562500001 0.9002369984374999 0.7955879765625 0.8669840921875 0.7469501937499999 0.8219881125 0.6876357468750001 0.8460655421875 0.586233596875 0.8389748125000001 0.581259121875 0.8742797140624999 0.6402843578125 0.9140599109374999 0.7138797734375 0.9237294625000001 0.7750449609375 0.945766246875
1 0.963337265625 0.775955953125 0.7954427859375001 0.74961701875 0.74972458125 0.734535915625 0.734565175 0.7602153453125 0.7527599859375 0.798625909375 0.80491245 0.7933596046875 0.8680810687499999 0.797776784375 0.963337265625 0.775955953125
1 0.8714254171875 0.558840225 0.8405731812499999 0.570052621875 0.857626659375 0.61283995625 0.9280790515625 0.6231241734374999 0.98457566875 0.589035415625 0.923788859375 0.5625018328125 0.8714254171875 0.558840225
1 0.4114139875 0.3409818 0.36975234375 0.3395540984375 0.3593690609375 0.3566544015625 0.4010307046875 0.358082103125 0.4114139875 0.3409818