1 0.44425808437500003 0.3216425703125 0.41548768437500005 0.32071945 0.383590146875 0.31451919687499996 0.3915257171875 0.35229329374999996 0.4332075875 0.3649243625 0.4628430921875 0.3827620953125 0.4708911890625 0.363191446875 0.4546550390625 0.34191966875 0.44425808437500003 0.3216425703125
1 0.4937991484375 0.41616543593750005 0.46457925468749994 0.4087636 0.44108246093750003 0.41174452656250005 0.4467164671875 0.42642652343750004 0.4796539421875 0.4403771609375 0.509411034375 0.4401227375 0.4937991484375 0.41616543593750005
1 0.33562308750000003 0.3891921484375 0.2840178 0.38574318281250003 0.24394139374999999 0.37795311875 0.21550681093750002 0.3845032265625 0.2645496734375 0.3985651265625 0.30896792500000003 0.41021846875 0.33562308750000003 0.3891921484375
1 0.68046875 0.40234375 0.61640625 0.40234375 0.61640625 0.44765625 0.68046875 0.44765625 0.68046875 0.40234375
1 0.6458821390625 1 0.652186103125 0.96756891875 0.6236512203125 0.94843555625 0.6025685921874999 0.9171637968749999 0.5307161 0.8850813546875 0.4531172109375 0.8956616328125 0.41255439374999997 0.9602401765625 0.43473767499999993 0.9902161421875 0.475269240625 1 0.6458821390625 1
1 0.20881417343750003 0.9323832234375 0.300686275 0.9113215046875001 0.2736564 0.871345475 0.18916173281249998 0.851902125 0.16018299375 0.8175858921874999 0.0762021453125 0.8435318609375001 0.034155535937499995 0.8851771484375 0.0757158171875 0.9159003718750001 0.1605235796875 0.9293660812500001 0.20881417343750003 0.9323832234375
1 0.1176963359375 0.3147607671875 0.1806021859375 0.29770705625 0.1802798234375 0.26443218281249997 0.12925763437499999 0.26055303125 0.1176963359375 0.3147607671875
1 0.43361087343750004 0.8459099203125 0.48861160000000003 0.813491778125 0.46677185468750004 0.7730149828124999 0.41861685781249997 0.7893186875 0.38738519843749997 0.8058925890624999 0.3926148703125 0.8401213500000001 0.43361087343750004 0.8459099203125
1 0 0.724087234375 0.0829793171875 0.7693668031249999 0.15129858125 0.758492375 0.1651935328125 0.7219423359375 0.124420828125 0.6959011921875 0.10884144375 0.6581509125 0.0319204109375 0.6084770828125 0 0.7127673265625 0 0.724087234375
1 0.044746706250000004 0.5590329953125 0.11982032812500001 0.527435965625 0.04199030625 0.49117230312500004 0.001004796875 0.49679232500000003 0.044746706250000004 0.5590329953125
1 0.132496534375 0.6043875187500001 0.1803623890625 0.617705865625 0.18742219375 0.5420861203125 0.15366684375 0.527976503125 0.136117359375 0.5396617109374999 0.132496534375 0.6043875187500001