1 0.3298049203125 0.362203184375 0.3781494265625 0.3818632609375 0.39799249531249997 0.4270168328125 0.4288466640625 0.45590982812499997 0.460361234375 0.43597382656250006 0.43721535625 0.41372414375 0.41554093124999997 0.390786275 0.42851111093750005 0.3568313125 0.4171756140625 0.3325301875 0.384826075 0.31840424375 0.3366089671875 0.303265484375 0.3045837609375 0.32970122812499997 0.3298049203125 0.362203184375
1 0.29682933125 0.3839872625 0.2613849046875 0.405380315625 0.26909251875 0.436608759375 0.32083314375 0.450805228125 0.3476082375 0.40874083125 0.32352263125 0.3912158453125 0.29682933125 0.3839872625
1 0.6491782671874999 0.509003021875 0.6143436703125 0.47778774999999996 0.6247981328125001 0.5289562296875 0.644444265625 0.5380694312500001 0.6491782671874999 0.509003021875
1 0.86908104375 0.882727515625 0.8768580375000001 0.9454749859374999 0.9218527671875 0.9916114109375 0.9347766984374999 0.9366437265625001 0.9372960078125001 0.935248278125 0.8900137859375 0.8890436578124999 0.86908104375 0.882727515625
1 0.839153184375 1 0.8311930656250001 0.9457442859375 0.769542765625 0.8609606421875 0.7273648968749999 0.75975609375 0.7045544546875 0.7546429140625001 0.715866290625 0.87496488125 0.7505101984375 0.970474971875 0.7686266140625 1 0.839153184375 1
1 0.565374403125 0.632073340625 0.553888228125 0.5927445140625001 0.49594651562500003 0.5910693671875 0.5073051859375 0.6258767468750001 0.559056446875 0.6578485093750001 0.565374403125 0.632073340625
1 0.7381574234375 0.48389444375 0.702956740625 0.45581344375 0.6601408875 0.43852938124999996 0.6408771890625 0.44298022968749995 0.6271421968750001 0.44980715781249997 0.6853163296875 0.486602696875 0.7381574234375 0.48389444375
1 0.5831880296875 1 0.574911575 0.96066744375 0.5304966906249999 0.8576082250000001 0.47326236718750003 0.8035316828125 0.432172996875 0.8765441578125 0.49297714687500005 0.9506911406249999 0.48279974687499994 1 0.5831880296875 1
1 0.20252731875 0.8191664578125 0.16265517812500002 0.857862846875 0.12299175468750001 0.884589290625 0.13462841875 0.9389457953125 0.261551540625 0.9684660375 0.2613845140625 0.8629973953125001 0.20252731875 0.8191664578125
1 0.1351388828125 0.8505039703125 0.1396479359375 0.8167092609375001 0.0631841828125 0.8361066296875 0.065281753125 0.88145036875 0.0989406265625 0.9393361171875 0.1351388828125 0.8505039703125
1 0.19969975625 0.7091906609375 0.1817577171875 0.67334040625 0.13625243125 0.715645790625 0.1201180234375 0.753600671875 0.1532710578125 0.7960714421875 0.1597927234375 0.785391121875 0.19969975625 0.7091906609375