1 0.5609680531250001 0.3837504703125 0.51964374375 0.37591349531249996 0.5312537140625 0.40697678593750003 0.5810533875 0.411598340625 0.59365761875 0.3773130046875 0.5609680531250001 0.3837504703125
1 0.5937525171875 0.335519478125 0.567675834375 0.3351671203125 0.5951024203124999 0.3655460359375 0.61934166875 0.3595640203125 0.621508865625 0.3419136203125 0.5937525171875 0.335519478125
1 0.6348640421875 0.3151856921875 0.6059880859375 0.313750646875 0.6209670671875 0.34632620625 0.64797234375 0.345162928125 0.667943421875 0.31924732968749997 0.6348640421875 0.3151856921875
1 0.70148913125 0.45624680156249997 0.75542371875 0.46137611874999995 0.79721010625 0.45605554687499994 0.7898621265625 0.413348203125 0.7534748609374999 0.40888040937500003 0.7146066156249999 0.4041079890625 0.673018125 0.4003427765625 0.70148913125 0.45624680156249997
1 0.2930369484375 0.9182081421875001 0.4043424015625 0.9046921203125 0.42145675000000005 0.82946326875 0.3132452390625 0.7878087734375 0.25727657656249997 0.81975571875 0.2456039453125 0.8601276796875 0.2930369484375 0.9182081421875001
1 0.40234063750000004 0.7390266890625 0.4867613890625 0.78047725625 0.5270918375 0.7827120046875 0.507339096875 0.7384814921875 0.46942126718750005 0.7054579734375 0.413832721875 0.700125690625 0.40234063750000004 0.7390266890625
1 0.2776363609375 0.5445500625 0.31221130937499997 0.5780665843749999 0.3486050234375 0.5681943234375 0.35247358281249996 0.529850234375 0.3135293125 0.53253368125 0.2776363609375 0.5445500625
1 0.6184218828125 0.920834371875 0.6914103734375 0.9343423578125 0.75133841875 0.9595500796875 0.798809159375 0.9489553296875 0.8036092671875 0.91669775 0.77597641875 0.8819510328125 0.7297602015625 0.8344712124999999 0.669266928125 0.8554113671874999 0.5683748453125 0.843023378125 0.5615594734375 0.87801955 0.6184218828125 0.920834371875
1 0.7819739453125 0.7647372078125 0.7371076796875 0.7472840671875 0.7206250921875 0.772134921875 0.7367847140625 0.8114450890624999 0.7891413218750001 0.80891545 0.8519921937499999 0.8166325671875001 0.948259859375 0.7998269640625 0.7819739453125 0.7647372078125
1 0.85123095625 0.631402046875 0.9210485640625 0.6453593625 0.979251821875 0.614274128125 0.9199369781250001 0.584595571875 0.8678369312499999 0.578198490625 0.8364401671874999 0.587780840625 0.85123095625 0.631402046875
1 0.41985776093749994 0.33656349531249996 0.3783279328125 0.332957346875 0.36706391875 0.349490796875 0.408593746875 0.3530969453125 0.41985776093749994 0.33656349531249996