1 0.485208353125 0.3911111125 0.436989746875 0.3920059578125 0.44532169687499995 0.4186804125 0.485208353125 0.3911111125
1 0.447708353125 0.3429629640625 0.41782630000000004 0.3312476015625 0.39532999687500003 0.3564401109375 0.447708353125 0.3429629640625
1 0.39532999687500003 0.3371752703125 0.40812501875 0.3133333359375 0.3778328515625 0.3119827609375 0.3445050515625 0.316428484375 0.35367024687500004 0.3431028828125 0.39532999687500003 0.3371752703125
1 0.3310416859375 0.38925926093749996 0.29617984375 0.39052406875 0.23618970312499998 0.389042178125 0.21369346406249998 0.421644190625 0.2428552875 0.437945253125 0.2895142578125 0.437945253125 0.3310416859375 0.38925926093749996
1 0.6752835015625 0.9595781156250001 0.7336071515625 0.9091932093749999 0.6711175265625 0.815832728125 0.616959853125 0.8143508390624999 0.5194760640625 0.8588081890625 0.533640353125 0.931421884375 0.6752835015625 0.9595781156250001
1 0.3303407625 0.83954329375 0.27534996875 0.8588081890625 0.20702787812499998 0.8365795140625 0.15870267031250002 0.860290078125 0.1287076 0.90622931875 0.14287188906249998 0.9462410015625 0.2370229484375 0.9417952218750001 0.3511706375 0.9210484359375 0.39033077656250004 0.8914102015625 0.3803324625 0.86177196875 0.3303407625 0.83954329375
1 0.1503707203125 0.798049834375 0.2220254125 0.781748715625 0.24035567812499997 0.7521104828125 0.1920304703125 0.743219034375 0.16203539843749998 0.6676415625 0.057886024999999994 0.6661596171874999 0.032083353125000005 0.768888890625 0.10371174999999999 0.7936040531249999 0.1503707203125 0.798049834375
1 0.0470544640625 0.54612479375 0.060208353125 0.637407409375 0.12704123437499998 0.6054013734375 0.152870203125 0.5698353578125 0.10871097031250002 0.5342695125 0.0470544640625 0.54612479375
1 0.362002196875 0.7002436296875 0.32117569375 0.69579785 0.31437501874999996 0.72814815 0.3570029765625 0.731363809375 0.362002196875 0.7002436296875
1 0.71875 0.55546875 0.6328125 0.55546875 0.6328125 0.61796875 0.71875 0.61796875 0.71875 0.55546875
1 0.64140625 0.35234375 0.59140625 0.35234375 0.59140625 0.38046875 0.64140625 0.38046875 0.64140625 0.35234375