1 0.61010279375 0.43283521875000003 0.703664184375 0.3905580921875 0.77049373125 0.360360146875 0.7133157734375 0.322825325 0.638540228125 0.3207709515625 0.63041024375 0.378208809375 0.575551971875 0.386683803125 0.61010279375 0.43283521875000003
1 0.7274000015625 0.47664526093750004 0.780299015625 0.46604458125 0.743981740625 0.419637775 0.6869108390625 0.4275975296875 0.7274000015625 0.47664526093750004
1 0.5762454265625 0.583191425 0.5198994015625 0.656873778125 0.5878036890625 0.6664672421875 0.691919053125 0.6266265765625 0.7291731593749999 0.5652663515625 0.7025118046875 0.5362977124999999 0.6274303265625 0.560208734375 0.5762454265625 0.583191425
1 0.7629402359374999 1 0.8034601203125 0.9398264765625 0.7393362453125001 0.8657075015625001 0.79136445 0.8366551203125001 0.77110723125 0.739204040625 0.720251515625 0.7335465484375 0.694814303125 0.832615421875 0.654669128125 0.773157809375 0.6813536484375 0.6835021718750001 0.6252230984375 0.71921196875 0.569963359375 0.77337346875 0.5632416171875 0.8691587453125 0.56521874375 0.97911938125 0.5749963578124999 1 0.7629402359374999 1
1 0.027069225000000002 0.5506994265625 0.10794722500000001 0.5374328171875 0.06909242812500001 0.479793921875 0.0060749203125 0.49718395312499997 0.027069225000000002 0.5506994265625
1 0 0.850531725 0.0431465125 0.8403388515625 0.1376490546875 0.7754656828125001 0.1983445140625 0.7088710093749999 0.1924417890625 0.6603606281250001 0.25515322500000004 0.6109612265625 0.318488284375 0.56626858125 0.273181896875 0.49953564375 0.29306979375000003 0.4615421609375 0.22012198437500002 0.481202265625 0.15591623906250002 0.5074432390625 0.13518915781250002 0.5787026171874999 0.1172740328125 0.6414859171875 0.07377233125 0.71509181875 0.021383190625 0.7680947875 0 0.8342602484375 0 0.850531725
1 0.3785170390625 0.5025617234374999 0.42854511406249995 0.48217284843749997 0.4061742703125 0.44202762656249994 0.370362478125 0.44194248593749996 0.3785170390625 0.5025617234374999
1 0.385957253125 0.5666360984375001 0.34005135000000003 0.628802053125 0.33158405 0.665108046875 0.2903885578125 0.7620597609375 0.226799134375 0.937490490625 0.337193609375 0.9371219453125 0.380114871875 0.8512148546875 0.41632151874999995 0.7166099421875 0.4448766828125 0.641074403125 0.463093559375 0.525129490625 0.385957253125 0.5666360984375001
1 0.3678295 0.437737703125 0.4092017765625 0.3955789515625 0.40766432343750003 0.3800150828125 0.35343194843750003 0.396391465625 0.33358712343749997 0.42679043125 0.3678295 0.437737703125
1 0.3467763046875 0.3659579765625 0.415390465625 0.3650689546875 0.403444175 0.3501438125 0.41144476250000006 0.31548946093749997 0.35461594375 0.3023694953125 0.316302846875 0.34979723749999997 0.3467763046875 0.3659579765625
1 0.73365444375 0.6835617890625 0.7934579687500001 0.6683195109375 0.7713342515625 0.6419192218750001 0.7388606421875 0.6344220984375 0.725741875 0.6542067734375 0.73365444375 0.6835617890625