1 0.553556103125 0.344509484375 0.536228925 0.364902375 0.54324174375 0.3848674078125 0.5737701890625 0.36860512343749996 0.6160559953125 0.3581728265625 0.62595763125 0.3208658125 0.5937793140625 0.3253881796875 0.5650000296875 0.32480430937500004 0.553556103125 0.344509484375
1 0.493735596875 0.43971226249999995 0.5234385921875 0.44152370156250004 0.5570610484375 0.4293159984375 0.563455728125 0.41494898437499994 0.540147146875 0.41074241562499997 0.5105799156249999 0.4166048546875 0.493735596875 0.43971226249999995
1 0.695469075 0.4203393578125 0.740436340625 0.4110266578125 0.7901479359375 0.399550734375 0.7620951265625 0.39152145156249996 0.7216659437499999 0.397203403125 0.669950875 0.3979468296875 0.695469075 0.4203393578125
1 0.38828125 0.396875 0.32421875 0.396875 0.32421875 0.4390625 0.38828125 0.4390625 0.38828125 0.396875
1 0.501792609375 1 0.5395169546874999 0.992959884375 0.56323865625 0.9641859828125 0.5261112078125 0.897573046875 0.44917239374999995 0.8829460578124999 0.3757393078125 0.9112240625 0.35304893593750003 0.9413495859375001 0.3235517953125 0.9589633265625 0.3293191234375 1 0.501792609375 1
1 0.7065986828125 0.8826824671875 0.67751366875 0.9211890765625 0.7681575765625 0.947030146875 0.8165398953125 0.9465444734374999 0.901936171875 0.9375357125000001 0.9450474265625 0.9090296921875 0.9052379859374999 0.865240928125 0.8227301375 0.8349353 0.7919951390625 0.8676878734375 0.7065986828125 0.8826824671875
1 0.8827659625000001 0.280284340625 0.8316106781249999 0.28148788125 0.8295472859374999 0.31470028125 0.891474403125 0.335022859375 0.8827659625000001 0.280284340625
1 0.5894373859375001 0.8452753281250001 0.5964512859375 0.811367178125 0.5661298390625 0.79318145 0.51889410625 0.7743798515625 0.49496589999999996 0.813658171875 0.548194615625 0.8489104015625 0.5894373859375001 0.8452753281250001
1 0.8227320625000001 0.7391605875 0.8346950906249999 0.7763877421875 0.9023516015625 0.7908228203125 0.9906365328125 0.7484856765625 0.9617608499999999 0.6328258124999999 0.8823455078125001 0.6784058296875 0.8648117781250001 0.7152890125 0.8227320625000001 0.7391605875
1 0.998479225 0.5229121125 0.9578440140625 0.5151547765625 0.8782227609375 0.54729543125 0.9515398359375 0.582778209375 0.998479225 0.5229121125
1 0.86153659375 0.6234781046875 0.8613082171875 0.558651503125 0.844394340625 0.5460638390625 0.8099468109375 0.5583875015624999 0.8130393093749999 0.63427309375 0.86153659375 0.6234781046875