1 0.501907 0.42548242031249994 0.5334957171875 0.43110273593750004 0.5531271703125 0.41860885468750003 0.5645264859375 0.3995298328125 0.5169215796875 0.39990510625 0.501907 0.42548242031249994
1 0.537607159375 0.366597415625 0.5786747796875 0.366751246875 0.5862947921874999 0.343599234375 0.559886853125 0.33147407812499996 0.530410546875 0.3389016828125 0.537607159375 0.366597415625
1 0.5997078328125001 0.34367951875 0.6264330671875 0.3349103203125 0.635710315625 0.311584125 0.5950066031250001 0.30692177656249997 0.5750930484375 0.31558484062500003 0.5997078328125001 0.34367951875
1 0.596199134375 0.302326225 0.6211589140625 0.30864332656250004 0.6427032359375 0.3063789265625 0.6469005609375 0.2984873984375 0.61420860625 0.289129 0.596199134375 0.302326225
1 0.7726061421875 0.4104414296875 0.7838504328125 0.38988865 0.717513296875 0.38047016875 0.6687525 0.3895331921875 0.6958532703125 0.4214886421875 0.7344349109375 0.421903759375 0.7726061421875 0.4104414296875
1 0.3836451421875 1 0.408773878125 0.9821284421875 0.520383315625 0.9599672281249999 0.506009146875 0.8869742921875 0.4632917859375 0.8631527437500001 0.4133723515625 0.8505185265625 0.34339603125 0.8861847703124999 0.3091982015625 0.943421765625 0.3416548078125 0.989182940625 0.365916575 1 0.3836451421875 1
1 0.713220921875 0.8577450828125001 0.6549461703125 0.90112186875 0.7254731546875 0.926490890625 0.85689961875 0.9339600000000001 0.9267762609375 0.9127834531250001 0.8947843640625001 0.871443703125 0.81141739375 0.835503690625 0.7646968640625 0.86127528125 0.713220921875 0.8577450828125001
1 0.390366571875 0.3925035578125 0.359916271875 0.3897436921875 0.33257143437500003 0.3926177515625 0.3669690109375 0.4082175484375 0.390366571875 0.3925035578125
1 0.527905090625 0.823298634375 0.5731506203125 0.80839393125 0.5813361984375 0.79859316875 0.5699984734375 0.78637411875 0.5236026578125 0.7674093484375 0.4792671796875 0.783989721875 0.492773471875 0.816841909375 0.527905090625 0.823298634375
1 0.71714575 0.727696134375 0.7115617953125 0.69848154375 0.6798181765625 0.6913874578125 0.6400438796875 0.6955679046875 0.67244840625 0.7336244234375 0.71714575 0.727696134375
1 0.95280906875 0.6343834640625 0.8716499265625 0.6593044859375 0.8474423234374999 0.7318822609375 0.8061657015625 0.7377107765625001 0.8251085265625001 0.7744617171875 0.913508865625 0.778581159375 0.9754614265624999 0.7166728921875001 0.97893143125 0.7314728921875 0.9875573578125 0.6381816437500001 0.95280906875 0.6343834640625
1 0.97661350625 0.526086365625 0.9336329421875 0.5157029484375 0.86526723125 0.5348090578125 0.8948272546875 0.5689540359375 0.93976913125 0.58635653125 0.97661350625 0.526086365625
1 0.8463094343750001 0.5457420843749999 0.7957630390625 0.5510547234375001 0.8063728749999999 0.5722907015625001 0.8377324109375 0.5821846046875 0.8463094343750001 0.5457420843749999