1 0.5398004140625 0.3404334515625 0.5243165296875001 0.362258903125 0.5330427296875 0.38153675625 0.562037653125 0.362675625 0.6032533140624999 0.348597575 0.6098657515625 0.31056954062500003 0.5782040328125 0.317879225 0.549483375 0.31980585625 0.5398004140625 0.3404334515625
1 0.4885050125 0.4404876546875 0.51825285625 0.4397034140625 0.550683396875 0.42461177499999997 0.555801575 0.40974209687499996 0.5322150640625 0.4075830140625 0.503271290625 0.4160000984375 0.4885050125 0.4404876546875
1 0.6877823734375 0.4036062375 0.7317668703125 0.39040982031250004 0.7802891046875 0.374644915625 0.751643246875 0.36909115 0.7118631234375 0.3782751140625 0.660409640625 0.38352297812499997 0.6877823734375 0.4036062375
1 0.38203125 0.40703125 0.31640625 0.40703125 0.31640625 0.45390625 0.38203125 0.45390625 0.38203125 0.40703125
1 0.5379750875 1 0.5823308640625 0.9876398937499999 0.6034544875 0.9569080031249999 0.5606626218749999 0.8937844203124999 0.48274175625 0.8859187500000001 0.412052696875 0.9204892640625 0.39207427968749997 0.9524777468750001 0.3642245234375 0.97259530625 0.37055139531250003 1 0.5379750875 1
1 0.7391654875 0.8632199843749999 0.7135472234375 0.904114990625 0.8060984015624999 0.9219575890625 0.85425428125 0.9172569671874999 0.9385404328125 0.9008397109375 0.9790031734375001 0.868684771875 0.935528778125 0.828532259375 0.8506935859375 0.805532984375 0.8229301203125001 0.8408396578125 0.7391654875 0.8632199843749999
1 0.862159940625 0.24776017343749998 0.8113042140625 0.25341761093750004 0.8121433250000001 0.2866834640625 0.8756060203124999 0.3015314046875 0.862159940625 0.24776017343749998
1 0.619189778125 0.8361664703124999 0.6232216968750001 0.8017760484374999 0.5914306421875 0.7863022109375 0.5427359890625 0.7716890234375 0.5223221671875 0.812903359375 0.578420765625 0.8433822546874999 0.619189778125 0.8361664703124999
1 1 0.6745284109374999 0.9715802437500001 0.5920752593749999 0.8964396593749999 0.644403334375 0.8821872328125 0.68267433125 0.8423481890625 0.7101225578125 0.857510253125 0.7461654046875 0.9261674109375001 0.7546489000000001 1 0.7109494562500001 1 0.6745284109374999
1 0.9985792828125 0.47937959843750005 0.9574226046875 0.4751933734375 0.880905578125 0.5141511734375 0.9570361875 0.5431089234375001 0.9985792828125 0.47937959843750005
1 0.8709226640625 0.59149824375 0.8650451468749999 0.5269382296875 0.8470985453125 0.5158726078125 0.8138561765625001 0.531151675 0.823550771875 0.606478971875 0.8709226640625 0.59149824375