1 0.39238878593750004 0.5331331203125 0.3514457203125 0.5290393609375 0.3300241640625 0.5414343374999999 0.327914353125 0.5583006484374999 0.3712609 0.56235245625 0.39268245625 0.54995748125 0.39238878593750004 0.5331331203125
1 0.48430836718750003 0.5651876312499999 0.45542465468750004 0.5632875859375 0.443658971875 0.5779182296875 0.45120503593750005 0.5970202125 0.4871733296875 0.5915839578125001 0.48430836718750003 0.5651876312499999
1 0.6221336234375 0.74790623125 0.5570298984375001 0.737021559375 0.5503648453125 0.7683926578125 0.5651213484375 0.7873687828125 0.59176939375 0.7989246999999999 0.622846821875 0.7887653921875 0.6221336234375 0.74790623125
1 0.4151826234375 0.7370933015625 0.40594627968749997 0.7588924328125 0.4114664375 0.7996676875000001 0.461897565625 0.796383196875 0.49259741874999996 0.76459256875 0.47522767187500004 0.7336409984375 0.4389237515625 0.7198494109375 0.4151826234375 0.7370933015625
1 0.09492027343750001 0.84606463125 0.0960110484375 0.9085551125 0.11333884375 0.9371032015624999 0.1638119234375 0.9362221906249999 0.19451177656250002 0.9044315624999999 0.1977664796875 0.8154188953125001 0.1854973609375 0.8012077796874999 0.1734799625 0.8014175437500001 0.12321664531250001 0.81431595625 0.09492027343750001 0.84606463125
1 0.19244391875 0.9237013562499999 0.207536046875 0.9619053187500001 0.2318645171875 0.9783101500000001 0.26538737968750004 0.97051236875 0.2863055 0.9292756328125 0.28314686718750004 0.886054946875 0.2733651359375 0.8766088359375 0.2372709828125 0.87483465 0.20151245312500002 0.8922883046875001 0.19244391875 0.9237013562499999
1 0.4235136265625 0.9389017187500001 0.4276493390625 0.90036213125 0.41040545 0.8766210015624999 0.36697499843750003 0.867762234375 0.333787759375 0.8947878546875 0.3345429125 0.9380504953125 0.361442675 0.9640272937500001 0.383199853125 0.9708601578125 0.4235136265625 0.9389017187500001
1 0.5043633953125 1 0.5087262031249999 0.999923846875 0.47449014062500006 0.9668624671874999 0.4214457703125 0.9581715109375001 0.390536153125 0.977944740625 0.3865240828125 1 0.5043633953125 1
1 0.5601344125 0.9148790828125 0.5619085984375001 0.8787849296875001 0.5396899390625001 0.8455137859375 0.503511878125 0.8389326374999999 0.48474552031249996 0.8657065421875 0.48339086406250004 0.9258354953125 0.4980634609375 0.940004659375 0.5317541328125001 0.941820796875 0.5601344125 0.9148790828125
1 0.699871878125 0.931673653125 0.6612903375 0.9251344609375 0.6205989890625 0.9354615796875001 0.623925434375 0.9882961890624999 0.734401609375 0.9815593953124999 0.72432620625 0.9552889265625 0.699871878125 0.931673653125
1 0.31436231875 0.7460657625 0.3099329359375 0.7677809890625 0.31747899999999996 0.786882971875 0.3391103203125 0.7865053953125 0.379298234375 0.7473365140625 0.38119827968750003 0.7184528 0.3618865328125 0.7139814640625 0.31436231875 0.7460657625
1 1 0.8214289875 0.971896815625 0.8139274625 0.9082316531249999 0.747720796875 0.9076443125000001 0.7140720765624999 0.9336211109375 0.6871723140625 0.92565551875 0.64403553125 0.8722335703124999 0.6137132546874999 0.8240800640625 0.609745353125 0.7906830609375 0.6247535734375 0.79590955 0.6487044671875 0.8104982421875 0.658066671875 0.798648653125 0.66789035625 0.76980689375 0.6683937906249999 0.72587300625 0.6306932625 0.696947340625 0.6263897375 0.677971215625 0.641146240625 0.6396413953125 0.6490279265625001 0.63280853125 0.67078510625 0.6793976140625 0.7228645625000001 0.7523410734375 0.7696755750000001 0.8128056515625 0.7902580734375 0.8872715796874999 0.7865540531249999 0.92926346875 0.8507348140625 0.93359678125 0.9612529437499999 1 0.957949971875 1 0.8214289875