1 0.5727854484375 0.3907601953125 0.5325067046874999 0.378646584375 0.5408060765625 0.4107532796875 0.5898498578125 0.42055499999999996 0.605968834375 0.387774984375 0.5727854484375 0.3907601953125
1 0.6104318281250001 0.3462203265625 0.5845348265625 0.3431441421875 0.6086357062500001 0.3762234984375 0.6333674593749999 0.3728079453125 0.637367753125 0.35548077031249997 0.6104318281250001 0.3462203265625
1 0.6534435984375 0.33029525625 0.62487583125 0.3258497125 0.6363676828125 0.35981255 0.6633466171875 0.3614784625 0.685917209375 0.33779237968750003 0.6534435984375 0.33029525625
1 0.70495880625 0.477547834375 0.7580617765625 0.488286753125 0.8001754046875 0.4873631953125 0.7973318109374999 0.444121734375 0.7616108890625 0.435874909375 0.723454421875 0.4270657953125 0.6824873296875 0.41897402812499995 0.70495880625 0.477547834375
1 0.250456059375 0.8942836234374999 0.362564578125 0.8924762328125 0.3874487296875 0.8194484296875 0.28418409218749996 0.7667109390625 0.2251826671875 0.79263255625 0.209353959375 0.831563234375 0.250456059375 0.8942836234374999
1 0.3778905328125 0.72750909375 0.4575160546875 0.7775569609375 0.4973919734375 0.7839951468749999 0.4823707890625 0.7379422109375 0.448112575 0.70113610625 0.3933859234375 0.6900224484375 0.3778905328125 0.72750909375
1 0.27419774218750004 0.5210626828125 0.30507985625 0.5580096640625001 0.342306134375 0.5519956640625 0.35016155000000004 0.5142660015625 0.3111501234375 0.5128639640625 0.27419774218750004 0.5210626828125
1 0.573783984375 0.9309074546874999 0.6449606671875 0.9519708171874999 0.701925496875 0.9833046359375001 0.750243640625 0.97772996875 0.7583892875 0.9461508453125 0.7345398375000001 0.90870605625 0.6935397890624999 0.8566554249999999 0.6311890609375 0.8711575984375 0.532144575 0.8482913765625 0.521708440625 0.8823834375 0.573783984375 0.9309074546874999
1 0.7527566890624999 0.792761253125 0.70996055625 0.7707139203125 0.6909706390625 0.793705740625 0.70293270625 0.8344897015624999 0.7552669187500001 0.8374466765624999 0.8169668281250001 0.8516912234375 0.9144637937500001 0.8450403937500001 0.7527566890624999 0.792761253125
1 0.8355716234375 0.6673958437499999 0.9035478250000001 0.688574628125 0.9646815312499999 0.663743578125 0.908793875 0.628027515625 0.8576479140625001 0.6162195406250001 0.825421515625 0.6224675421875 0.8355716234375 0.6673958437499999
1 0.43738055468750003 0.329081671875 0.3964551765625 0.32115423125000003 0.383524653125 0.33641969843749997 0.42445003124999997 0.344347140625 0.43738055468750003 0.329081671875