1 0.1604920078125 0.9612290078125 0.3333317359375 0.970287153125 0.3675684984375 0.9600457 0.46761641093749995 0.8882603484375 0.49136010625 0.8485832359375 0.49172732343750003 0.7956452890625 0.47668476562500006 0.7611569125 0.45141096562499994 0.7381680625 0.42070702187500003 0.7269303578125 0.3561437390625 0.71873245 0.2132531109375 0.73531531875 0.1836916421875 0.7482089375000001 0.10802667031249999 0.8140507124999999 0.0845550046875 0.9403993015625 0.0983292765625 0.9531569062499999 0.1604920078125 0.9612290078125
1 0.732737921875 0.5603401796874999 0.6249647078125 0.549877734375 0.556742796875 0.5655595359375 0.530850165625 0.6003097359375 0.5354098625 0.6510987453125 0.5898779140625 0.714131921875 0.6299324484375 0.7306739624999999 0.6851451390625 0.7335675359375 0.7772365515625 0.6758080703125 0.78834845 0.6475046812499999 0.7888414734375 0.59216618125 0.732737921875 0.5603401796874999
1 0.900208753125 0.855567215625 0.9430412609375001 0.86503340625 0.9613548156249999 0.8371074390625 0.963241928125 0.8010991625000001 0.9535139140625001 0.8029964843749999 0.91471745625 0.762448928125 0.902714696875 0.7618198890625 0.843843378125 0.782806025 0.8463799453125 0.826267571875 0.900208753125 0.855567215625
1 0.19281435156249999 0.2985509125 0.1173907859375 0.3138552921875 0.116384325 0.3330597046875 0.1919439046875 0.3610910671875 0.19788748437499998 0.38547400625 0.185004071875 0.40164883125 0.1833685734375 0.4328560046875 0.2073842984375 0.4798503703125 0.2977246140625 0.5014349218749999 0.35533785625 0.5044543046875 0.4017031859375 0.49244133593750006 0.4541379015625 0.502410759375 0.48635153593749997 0.48484184375000006 0.527402321875 0.43644317812500005 0.526259846875 0.412311853125 0.4719278078125 0.392614415625 0.295041825 0.36890134375 0.2866976921875 0.344392596875 0.231610809375 0.33909846875 0.2273129359375 0.329244646875 0.2380474109375 0.3081429109375 0.19281435156249999 0.2985509125
1 0.6744650171875 0.43211468281250004 0.7202013093749999 0.43210447343749997 0.7450874796875 0.41655868749999997 0.75089504375 0.3976058890625 0.7415444531250001 0.3923015546875 0.6603031140625 0.380822440625 0.6500616625 0.3465856796875 0.59522639375 0.3364904484375 0.5419110265625 0.34332488906249997 0.5266270609375 0.35937390625 0.5410303734374999 0.3601287515625 0.559354134375 0.377939075 0.63149649375 0.37931275000000003 0.6349137140625001 0.405970434375 0.6744650171875 0.43211468281250004
1 0.8739828453125 0.529228190625 0.8952103890625001 0.5375621140625 0.9242686234375 0.5342707015625 0.9451085375 0.504069990625 0.94472090625 0.46553535312500005 0.9190696828125 0.449748159375 0.8686580968750001 0.4471062 0.8342955249999999 0.4597482046875 0.8324084109375001 0.49575648125000005 0.8739828453125 0.529228190625
1 0.9736839578125001 0.601853365625 0.99200771875 0.6196636890625 0.9979308843749999 0.5525740484375 0.9645747734375 0.5460116375 0.9519429781250001 0.557385359375 0.9498042484375 0.5981947390625 0.9736839578125001 0.601853365625
1 0.553641753125 0.2572824484375 0.43500825781249997 0.270322290625 0.42149580625 0.29849987499999997 0.463699278125 0.319968825 0.5165114171875 0.3227365921875 0.6068415234375 0.2985848515625 0.6039275328125 0.2623249609375 0.553641753125 0.2572824484375
1 0.21578278593750003 0.181804528125 0.19519448749999999 0.2072041375 0.160957725 0.217445590625 0.174606190625 0.23260374687500002 0.22729252187500001 0.23777206562500003 0.26683361875 0.218180021875 0.330002809375 0.20704770625000002 0.34263460625 0.1956739875 0.336187796875 0.180893253125 0.2761740015625 0.17774806406250002 0.21578278593750003 0.181804528125
1 0.28744233124999996 0.28425299375 0.3266060046875 0.2718626046875 0.3201591953125 0.257081871875 0.27947562187499997 0.252542590625 0.24991415468749997 0.265436209375 0.256360965625 0.28021694375 0.28744233124999996 0.28425299375
1 0.35353572031249997 0.3551168640625 0.38777248124999997 0.3448754125 0.38890475 0.32327044531250004 0.35074753593749997 0.3164564203125 0.31385860781249997 0.33137316875 0.320179609375 0.348554453125 0.35353572031249997 0.3551168640625
1 0.4442228328125 0.2322908859375 0.48843922500000003 0.2153510078125 0.4774429265625 0.19551755625 0.4222302375 0.19262398125 0.39734406718750004 0.20816976875 0.40821455625 0.230403771875 0.4442228328125 0.2322908859375
1 0.483124684375 0.1789653078125 0.4776945421875 0.19071645312500002 0.5254539625 0.19803370781250001 0.5502143265624999 0.18488847343749998 0.504981265625 0.17529647343750002 0.483124684375 0.1789653078125
1 0.885440584375 1 0.8670090734375 0.983813128125 0.7334588281250001 0.959964040625 0.6632137890625 0.9683183796874999 0.65020456875 0.9868937546875 0.6495177 1 0.885440584375 1
1 0.2655551265625 0.15071295625 0.27225355156250003 0.1606925859375 0.322287715625 0.1705362 0.44989438281250005 0.1700023484375 0.503587175 0.1559662515625 0.49499142812499997 0.13625860781250002 0.3872182125 0.1257961625 0.28109070625 0.1298628359375 0.2661841640625 0.138710196875 0.2655551265625 0.15071295625
1 0.6198303265625 0.18853689375 0.5979737453125 0.192205728125 0.59494415625 0.2040826796875 0.6703779296875 0.23451459218749998 0.74340094375 0.2190844046875 0.73720575 0.19950256875 0.71825295 0.1936950046875 0.6198303265625 0.18853689375
1 0.70893298125 0.32559954375 0.7354648578125 0.324582875 0.744050396875 0.298554228125 0.7033668234375 0.2940149484375 0.6837849874999999 0.3002101421875 0.68543069375 0.31473926093750004 0.70893298125 0.32559954375
1 0.609956090625 0.101362184375 0.583046790625 0.10958050781249999 0.57496448125 0.126006946875 0.622220671875 0.142926409375 0.685012440625 0.1389957515625 0.692843134375 0.127370415625 0.6889226828125 0.1103149390625 0.609956090625 0.101362184375
1 0.7315137843749999 0.170318525 0.72608364375 0.1820696671875 0.7330336828124999 0.18724819374999999 0.7643666625 0.1864831421875 0.782554409375 0.160957725 0.77383285625 0.14365063281249998 0.7162196125 0.14063125 0.6944888390624999 0.141899534375 0.6913334421874999 0.1561770375 0.7315137843749999 0.170318525
1 0.756012325 0.1162381015625 0.7532343499999999 0.12331395 0.8027652843749999 0.142759771875 0.8367504312499999 0.137319421875 0.820827221875 0.11963490624999999 0.8405348671875 0.11103916093749999 0.848617175 0.0946127203125 0.7910039328125 0.0915933390625 0.7677532609375 0.07593195312499999 0.7222685859375 0.07114105625 0.7100142109375 0.07531312343749999 0.712037340625 0.082640584375 0.75499565625 0.089706225 0.7853221765625 0.10814558593750001 0.784944753125 0.1153472421875 0.756012325 0.1162381015625
1 0 0.6844744234375 0.0113449390625 0.68381229375 0.0294068765625 0.6606874281249999 0.028138593750000003 0.63895665625 0.021817590625 0.6217753703125 0 0.6055189234375 0 0.6844744234375
1 0.015445549999999999 0.3759126296875 0.016713834375 0.397643403125 0.07760828125 0.38398473125 0.071161471875 0.369203996875 0.025802603125 0.36201255 0.015445549999999999 0.3759126296875