0 0.5063590609374999 0.4766071421875 0.368171140625 0.4766071421875 0.368171140625 0.5339880953125 0.5063590609374999 0.5339880953125 0.5063590609374999 0.4766071421875
0 0.53990771875 0.5361458328125 0.45207214687499997 0.5361458328125 0.45207214687499997 0.5849851187499999 0.53990771875 0.5849851187499999 0.53990771875 0.5361458328125
0 0.331887584375 0.6084226187499999 0.2543204703125 0.6084226187499999 0.2543204703125 0.6580654765625 0.331887584375 0.6580654765625 0.331887584375 0.6084226187499999
0 0.3980369125 0.678586309375 0.2639093953125 0.678586309375 0.2639093953125 0.811056546875 0.3980369125 0.811056546875 0.3980369125 0.678586309375
0 0.6185067109375 0.7125892859375 0.497600671875 0.7125892859375 0.497600671875 0.8263392859375 0.6185067109375 0.8263392859375 0.6185067109375 0.7125892859375
0 1 0.5106101187500001 0.9206627515625 0.5106101187500001 0.9206627515625 0.6036755953124999 1 0.6036755953124999 1 0.5106101187500001
0 0.552365771875 0.4234821421875 0.49041946249999996 0.4234821421875 0.49041946249999996 0.4643154765625 0.552365771875 0.4643154765625 0.552365771875 0.4234821421875
0 0.4248741609375 0.41498511875000005 0.3801593953125 0.41498511875000005 0.3801593953125 0.4422172625 0.4248741609375 0.4422172625 0.4248741609375 0.41498511875000005
0 0.21973154374999998 0.49574404687499996 0.1692281875 0.49574404687499996 0.1692281875 0.53907738125 0.21973154374999998 0.53907738125 0.21973154374999998 0.49574404687499996
0 0.27532718125 0.4277232140625 0.22554530156250002 0.4277232140625 0.22554530156250002 0.467693453125 0.27532718125 0.467693453125 0.27532718125 0.4277232140625
0 0.6213842281249999 0.4170833328125 0.5683137578124999 0.4170833328125 0.5683137578124999 0.43541666718750005 0.6213842281249999 0.43541666718750005 0.6213842281249999 0.4170833328125