1 0.482506021875 0.3755922109375 0.50269071875 0.40190375625 0.5516655953125 0.39176335624999997 0.5536950203125001 0.35529100625 0.5243159671875001 0.3710046890625 0.482506021875 0.3755922109375
1 0.5165262515625 0.322583034375 0.5516363625 0.343615778125 0.5730674984374999 0.330808278125 0.569979521875 0.31329548906250004 0.541566528125 0.3152959109375 0.5165262515625 0.322583034375
1 0.5469028703125 0.290900940625 0.5707515140625 0.317673671875 0.5962366765625 0.30866564531249996 0.6077581265625 0.2780434578125 0.5749366499999999 0.28383076875 0.5469028703125 0.290900940625
1 0.751861996875 0.332386990625 0.715758425 0.33875302500000004 0.677193215625 0.34555311093749996 0.636321103125 0.35411171874999997 0.6798928171874999 0.3992488875 0.7329703875 0.3883851296875 0.7713753234375 0.371079884375 0.751861996875 0.332386990625
1 0.5212144546874999 0.838031115625 0.40555267500000003 0.82983470625 0.36136996093749996 0.8767493749999999 0.3620109859375 0.9187700218750001 0.424352478125 0.960444575 0.5268427078125 0.9149765750000001 0.5212144546874999 0.838031115625
1 0.60856504375 0.7624379484375 0.5767436531250001 0.725915240625 0.5308275109375 0.70542079375 0.47610891093749996 0.716574025 0.476492528125 0.75713519375 0.5693434671875 0.7720923281250001 0.60856504375 0.7624379484375
1 0.3432412421875 0.6295595453125 0.37515835468750003 0.6094781640625 0.36764715 0.5716784703125 0.3311891234375 0.5856308671875 0.300377771875 0.607616271875 0.3432412421875 0.6295595453125
1 0.8175106921875 0.7526810296875001 0.7657829953124999 0.790392721875 0.66567751875 0.8080440171875001 0.6693918375 0.8435036453125001 0.736287471875 0.867822703125 0.8100360656250001 0.8594006859375 0.874715565625 0.8659856859374999 0.9170144546874999 0.8419747750000001 0.9121736171875 0.8097232812499999 0.8755892375000001 0.7845738921875001 0.8175106921875 0.7526810296875001
1 1 0.6571206859375 0.84705469375 0.6707282484375 0.7990460671874999 0.667155353125 0.7905493765625 0.6957393859375001 0.8174960796875 0.72860726875 0.8668253578125 0.7108805734375 0.9291862125 0.699884671875 1 0.6639550109375 1 0.6571206859375
1 0.9917213171875 0.46916121874999994 0.92632108125 0.4581214578125 0.8746272328125 0.46723647812499997 0.847403965625 0.48557965000000003 0.8743020749999999 0.5229704078124999 0.9451497078125 0.5159051640625 0.9917213171875 0.46916121874999994
1 0.3755753859375 0.367136215625 0.33480587812499996 0.37582978749999996 0.3288679609375 0.3949340828125 0.36963746875000003 0.3862405109375 0.3755753859375 0.367136215625