0 0.39515100625 1 0.39515100625 0.8146279765625 0.032600671875 0.8146279765625 0.032600671875 1 0.39515100625 1
0 0.4402013421875 0.40858630937499996 0.3609731546875 0.40858630937499996 0.3609731546875 0.46260416718749997 0.4402013421875 0.46260416718749997 0.4402013421875 0.40858630937499996
0 0.38843120781249996 0.3852083328125 0.35378355781250004 0.3852083328125 0.35378355781250004 0.4065178578125 0.38843120781249996 0.4065178578125 0.38843120781249996 0.3852083328125
0 0.489093959375 0.3384375 0.414899328125 0.3384375 0.414899328125 0.37763392812499996 0.489093959375 0.37763392812499996 0.489093959375 0.3384375
0 0.5216862421874999 0.3618303578125 0.4676426171875 0.3618303578125 0.4676426171875 0.389538690625 0.5216862421874999 0.389538690625 0.5216862421874999 0.3618303578125
0 0.5111409390625 0.39157738124999997 0.479630871875 0.39157738124999997 0.479630871875 0.4252083328125 0.5111409390625 0.4252083328125 0.5111409390625 0.39157738124999997
0 0.9377265093749999 0.48511904687499996 0.7564681203125 0.48511904687499996 0.7564681203125 0.610476190625 0.9377265093749999 0.610476190625 0.9377265093749999 0.48511904687499996
0 1 0.678556546875 0.7864345640625 0.678556546875 0.7864345640625 0.9453125 1 0.9453125 1 0.678556546875
0 0.5811241609375 0.3065327375 0.5479362421875 0.3065327375 0.5479362421875 0.33852678593749996 0.5811241609375 0.33852678593749996 0.5811241609375 0.3065327375
0 0.5293540265625001 0.31717261875 0.4904110734375 0.31717261875 0.4904110734375 0.3419345234375 0.5293540265625001 0.3419345234375 0.5293540265625001 0.31717261875
0 0.608926175 0.26614583281250004 0.4712416109375 0.26614583281250004 0.4712416109375 0.3215327375 0.608926175 0.3215327375 0.608926175 0.26614583281250004
0 0.926233221875 0.42559523749999995 0.7888338921875 0.42559523749999995 0.7888338921875 0.47279761875000004 0.926233221875 0.47279761875000004 0.926233221875 0.42559523749999995
0 0.8380369125 0.3490625 0.7624664421875 0.3490625 0.7624664421875 0.404806546875 0.8380369125 0.404806546875 0.8380369125 0.3490625