1 0.710191159375 0.3191294359375 0.63539115 0.31838038750000003 0.6282648328125 0.3759513859375 0.5735628234375 0.38538249687500004 0.6089138375 0.4309238890625 0.701723140625 0.3870203296875 0.7680154828125 0.3556606484375 0.710191159375 0.3191294359375
1 0.7269577703125 0.47268014062499997 0.7796637203125 0.461157859375 0.7425420671875 0.4153919453125 0.6856187734375 0.4243465125 0.7269577703125 0.47268014062499997
1 0.6940997624999999 0.623257840625 0.7302773109375 0.5612567890625 0.70311444375 0.532757865625 0.62846170625 0.5579755984375 0.5776857046874999 0.5818480890625 0.5226341953125 0.6565025921875 0.59069556875 0.664909503125 0.6940997624999999 0.623257840625
1 0.768601971875 1 0.8110899312500001 0.9344633796874999 0.74568226875 0.861474809375 0.797195515625 0.8315188359375 0.7752406265625 0.734436134375 0.7242939203125001 0.729667059375 0.7005895718749999 0.8291647843750001 0.6594128328125 0.7704168578125 0.6845285828125001 0.680309165625 0.6290298015625 0.7169931375 0.574723728125 0.772110803125 0.56967469375 0.867998803125 0.573570596875 0.9779081859375 0.5843894109375001 1 0.768601971875 1
1 0.028026082812500002 0.5589454843749999 0.1086602296875 0.5442693796875 0.0688054125 0.48731737343750003 0.0061010015625 0.5058045625 0.028026082812500002 0.5589454843749999
1 0 0.734635115625 0.039833321875 0.6917468125 0 0.6825705656250001 0 0.734635115625
1 0.219836546875 0.48608967343750004 0.156098546875 0.51344719375 0.1366182703125 0.5850574578125001 0.11980159374999999 0.64814385625 0.0775911171875 0.7224977578125 0.0261349859375 0.7764069703125 0.000524878125 0.860648659375 0.0491558265625 0.848260209375 0.14251178125 0.7817476234375 0.202035759375 0.7141038109375 0.1952873109375 0.665703834375 0.25712705625 0.6152174921875 0.319672475 0.5694263046875 0.2732083390625 0.5034942375 0.292430128125 0.4651594484375 0.219836546875 0.48608967343750004
1 0.37858025 0.5046815046875001 0.42824487031249997 0.48342262343750003 0.405176803125 0.443673940625 0.36936897968750004 0.44421381562500006 0.37858025 0.5046815046875001
1 0.386262675 0.8532536468749999 0.420114628125 0.7180373421875 0.447347165625 0.6420149515625 0.4635377515625 0.52576976875 0.3871375828125 0.5686162703125001 0.34232361718750004 0.631573925 0.3344912328125 0.6680221640624999 0.29499405625 0.765678071875 0.23447600624999998 0.942191871875 0.344847234375 0.9398967328125 0.386262675 0.8532536468749999
1 0.4073932078125 0.397179503125 0.40558436093749994 0.3816448375 0.3516460546875 0.39896521093750004 0.3323347859375 0.42970588750000005 0.366763003125 0.4400538796875 0.4073932078125 0.397179503125
1 0.4008435296875 0.3518517671875 0.408238096875 0.31706306562500003 0.351188959375 0.30493689687500003 0.313709425 0.3530260703125 0.3444602859375 0.3686525140625 0.41304848125 0.3665661453125 0.4008435296875 0.3518517671875
1 0.796350853125 0.663172328125 0.773769759375 0.637162171875 0.7411702515624999 0.6302329328125 0.7283987734374999 0.650243546875 0.736822453125 0.6794559984374999 0.796350853125 0.663172328125