1 0.8028846156249999 0.7644230765625 0.7740384609375 0.75 0.6322115390625 0.7259615390625 0.5673076921875 0.73076923125 0.5360576921875 0.740384615625 0.509615384375 0.76201923125 0.4927884609375 0.7956730765625 0.490384615625 0.8485576921875 0.51201923125 0.8894230765625 0.6081730765625 0.966346153125 0.6418269234375 0.9783653843750001 0.814903846875 0.9783653843750001 0.877403846875 0.9735576921875 0.8918269234375 0.9615384609375001 0.875 0.8341346156249999 0.8028846156249999 0.7644230765625
1 0.46394230781249995 0.5985576921875 0.43990384687499995 0.5625 0.372596153125 0.54326923125 0.2644230765625 0.5480769234375 0.20673076875000002 0.5769230765625 0.20432692343749997 0.6322115390625 0.2139423078125 0.6610576921875 0.302884615625 0.7235576921875 0.3581730765625 0.7235576921875 0.3990384609375 0.709134615625 0.45673076874999996 0.6490384609375 0.46394230781249995 0.5985576921875
1 0.13701923124999998 0.8076923078125 0.1418269234375 0.7644230765625 0.08413461562499999 0.740384615625 0.07211538437500001 0.740384615625 0.03125 0.778846153125 0.021634615625 0.7764423078125 0.021634615625 0.8125 0.0384615390625 0.841346153125 0.08173076875 0.8341346156249999 0.13701923124999998 0.8076923078125
1 0.8918269234375 0.353365384375 0.8918269234375 0.334134615625 0.8173076921875 0.314903846875 0.771634615625 0.322115384375 0.78125 0.34375 0.7764423078125 0.353365384375 0.721153846875 0.35576923125 0.7115384609375 0.3798076921875 0.533653846875 0.39423076875 0.478365384375 0.41105769218750005 0.4759615390625 0.43509615312500005 0.5144230765625 0.4855769234375 0.5456730765625 0.5048076921875 0.5985576921875 0.49759615312500005 0.64423076875 0.51201923125 0.7019230765625 0.51201923125 0.79326923125 0.49519230781249995 0.8197115390624999 0.44951923125000004 0.8197115390624999 0.41826923125000004 0.8076923078125 0.40144230781249995 0.814903846875 0.377403846875 0.8918269234375 0.353365384375
1 0.48076923125000004 0.3581730765625 0.46634615312500005 0.341346153125 0.4134615390625 0.33173076875 0.3581730765625 0.3389423078125 0.346153846875 0.372596153125 0.2644230765625 0.3798076921875 0.2548076921875 0.384615384375 0.259615384375 0.40384615312500005 0.283653846875 0.4206730765625 0.3293269234375 0.4230769234375 0.3701923078125 0.3990384609375 0.375 0.372596153125 0.447115384375 0.375 0.46634615312500005 0.3581730765625 0.48076923125000004 0.3581730765625
1 0.16826923124999998 0.478365384375 0.16826923124999998 0.44230769218750005 0.134615384375 0.427884615625 0.08413461562499999 0.427884615625 0.057692307812499996 0.44230769218750005 0.05528846093749999 0.48076923125000004 0.07451923125 0.51201923125 0.10336538437500001 0.5168269234375 0.125 0.509615384375 0.16826923124999998 0.478365384375
1 0.0456730765625 0.57451923125 0.0456730765625 0.533653846875 0.033653846875 0.521634615625 0 0.5264423078125 0.002403846875 0.59375 0.021634615625 0.5769230765625 0.0456730765625 0.57451923125
1 0.5889423078125 0.302884615625 0.5769230765625 0.2740384609375 0.459134615625 0.2548076921875 0.40865384687499995 0.2572115390625 0.40384615312500005 0.29326923125 0.4927884609375 0.322115384375 0.5456730765625 0.322115384375 0.5889423078125 0.302884615625
1 0.8197115390624999 0.2235576921875 0.80048076875 0.197115384375 0.740384615625 0.189903846875 0.6802884609375 0.189903846875 0.6730769234375 0.20432692343749997 0.685096153125 0.216346153125 0.747596153125 0.23076923124999998 0.7860576921875 0.252403846875 0.8389423078125 0.25 0.8533653843750001 0.23557692343749997 0.8197115390624999 0.2235576921875
1 0.7548076921875 0.29326923125 0.76201923125 0.278846153125 0.7331730765625 0.2644230765625 0.6923076921875 0.2668269234375 0.685096153125 0.28125 0.7235576921875 0.2956730765625 0.7548076921875 0.29326923125
1 0.6875 0.3581730765625 0.6947115390625 0.341346153125 0.658653846875 0.32451923125 0.6201923078125 0.3293269234375 0.6201923078125 0.3509615390625 0.653846153125 0.36298076875 0.6875 0.3581730765625
1 0.60576923125 0.23557692343749997 0.6177884609375 0.2139423078125 0.59375 0.197115384375 0.5384615390625 0.197115384375 0.5264423078125 0.216346153125 0.5697115390625 0.23557692343749997 0.60576923125 0.23557692343749997
1 0.5384615390625 0.1923076921875 0.533653846875 0.1802884609375 0.51201923125 0.17548076875000002 0.46634615312500005 0.1826923078125 0.490384615625 0.197115384375 0.5384615390625 0.1923076921875
1 0.32451923125 1 0.32451923125 0.9783653843750001 0.3125 0.9591346156249999 0.2427884609375 0.9471153843750001 0.1081730765625 0.9639423078125 0.0625 1 0.32451923125 1
1 0.752403846875 0.1514423078125 0.73798076875 0.1418269234375 0.6322115390625 0.1322115390625 0.5240384609375 0.13701923124999998 0.5144230765625 0.15625 0.5673076921875 0.1730769234375 0.6947115390625 0.1802884609375 0.7451923078125 0.1730769234375 0.752403846875 0.1634615390625 0.752403846875 0.1514423078125
1 0.4206730765625 0.19951923124999998 0.41826923125000004 0.1875 0.396634615625 0.1826923078125 0.2980769234375 0.1826923078125 0.278846153125 0.1875 0.271634615625 0.20673076875000002 0.34375 0.2259615390625 0.4206730765625 0.19951923124999998
1 0.32451923125 0.3052884609375 0.3269230765625 0.290865384375 0.3076923078125 0.283653846875 0.2668269234375 0.2860576921875 0.2740384609375 0.3125 0.30048076875 0.314903846875 0.32451923125 0.3052884609375
1 0.4447115390625 0.12259615312500001 0.4375 0.10576923125 0.41105769218750005 0.096153846875 0.33173076875 0.10096153906250001 0.3269230765625 0.11778846093749999 0.334134615625 0.1298076921875 0.396634615625 0.13701923124999998 0.4447115390625 0.12259615312500001
1 0.3269230765625 0.146634615625 0.32451923125 0.1322115390625 0.302884615625 0.1298076921875 0.2451923078125 0.1298076921875 0.23557692343749997 0.146634615625 0.252403846875 0.1730769234375 0.283653846875 0.17548076875000002 0.290865384375 0.1706730765625 0.2860576921875 0.158653846875 0.3269230765625 0.146634615625
1 0.310096153125 0.07211538437500001 0.3125 0.064903846875 0.30048076875 0.060096153124999996 0.2548076921875 0.0625 0.23076923124999998 0.0769230765625 0.1730769234375 0.0769230765625 0.1802884609375 0.09375 0.19951923124999998 0.10336538437500001 0.1826923078125 0.12019230781250001 0.216346153125 0.127403846875 0.2668269234375 0.1105769234375 0.2644230765625 0.10336538437500001 0.23557692343749997 0.10096153906250001 0.23557692343749997 0.09375 0.2668269234375 0.0769230765625 0.310096153125 0.07211538437500001
1 1 0.627403846875 0.971153846875 0.646634615625 0.9639423078125 0.6634615390625 0.9615384609375001 0.685096153125 0.9783653843750001 0.709134615625 1 0.7115384609375 1 0.627403846875
1 0.98798076875 0.4230769234375 0.9903846156249999 0.40144230781249995 0.98076923125 0.38701923125 0.935096153125 0.3918269234375 0.9278846156249999 0.40625 0.98798076875 0.4230769234375