1 0.575508178125 0.42460802500000006 0.549166646875 0.4429629640625 0.5771745421875 0.4675834859375 0.6121687062500001 0.44387286562500006 0.6388310484375 0.40237935 0.6896558671874999 0.39052406875 0.7196509375 0.3623677234375 0.6921554765625 0.3312476015625 0.642163778125 0.3386571609375 0.60800273125 0.34754860781249997 0.593005259375 0.3697772828125 0.600504028125 0.4053431859375 0.575508178125 0.42460802500000006
1 0.69132223125 0.42016230156249995 0.664791646875 0.43370370625000004 0.6846567734375 0.47943876875 0.7379812015625 0.4735110984375 0.7504791265625 0.44387286562500006 0.718817690625 0.41719846718750003 0.69132223125 0.42016230156249995
1 0.3905388515625 0.460173928125 0.35124998125 0.48555555781250004 0.35137871249999997 0.515004671875 0.37220858749999997 0.5090770015625 0.3905388515625 0.460173928125
1 0.053928093749999996 0.8232422875 0 0.8614814828125 0.0022699968750000002 0.8632538578125001 0.006435971875 0.9195665468750001 0.058094068750000005 0.8810368640625 0.0755911828125 0.820278509375 0.053928093749999996 0.8232422875
1 0.11815223749999999 0.9966259078125 0.178975496875 0.9254942156249999 0.2281339515625 0.8365795140625 0.258129021875 0.7195084703125 0.2347995359375 0.720990359375 0.17730906875000002 0.8143508390624999 0.10315470156249999 0.8884464234375 0.0739928765625 0.9818067906250001 0.11815223749999999 0.9966259078125
1 0.43226678749999997 0.5831726984375 0.41476964218749995 0.6202204890624999 0.4169776890625 0.64666666875 0.47309329218749996 0.6231842125 0.48975719218749997 0.59058225625 0.43226678749999997 0.5831726984375
1 0.31906102187499996 0.4577777796875 0.382275025 0.43053569375 0.36977709999999997 0.421644190625 0.3514468359375 0.4142346328125 0.30645429375 0.42460802500000006 0.267294153125 0.4468367 0.31906102187499996 0.4577777796875
1 0.47892563125 0.803977390625 0.4139365234375 0.848434740625 0.35394644531249997 0.9432771109375 0.338115728125 0.9847706828125 0.4389323734375 1 0.43643276249999996 0.9462410015625 0.50808745625 0.8825187546875 0.47892563125 0.803977390625
1 0.6788924296875 0.8958559812500001 0.6622285296875 1 0.792207 0.9906983515625001 0.812203628125 0.9388314421875 0.7772094640625 0.90622931875 0.7438816640625 0.86177196875 0.6788924296875 0.8958559812500001
1 0.8063712890625 0.8691815265624999 0.8055381703125001 0.9032655390625 0.8273943562499999 0.99666666875 0.8696941593749999 0.9447589984375 0.8788592281250001 0.9003016484374999 0.8063712890625 0.8691815265624999
1 0.791373753125 0.8350976265625001 0.79614435625 0.84666666875 0.8355331140625 0.8099050609375 0.8255347984375 0.7698934890625 0.787207778125 0.720990359375 0.7638784203125 0.753592484375 0.791373753125 0.8350976265625001