1 0.487629353125 0.7955021859375 0.48430290937500003 0.84833679375 0.50522103125 0.8895735296874999 0.6000177390625 0.96816300625 0.6334566953125 0.9807677484375 0.8065072578124999 0.98378835625 0.8690816453125001 0.980072171875 0.8837122890625 0.9683064890624999 0.8691114328125 0.840628378125 0.7982236656249999 0.76966886875 0.769633621875 0.7547445546875 0.6282478296875 0.7282345328125001 0.5632699624999999 0.731908765625 0.5318569109375 0.7409772968749999 0.505041053125 0.7621471359374999 0.487629353125 0.7955021859375
1 0.21117503124999998 0.6560407671874999 0.2990130171875 0.7200835046875 0.3542930578125 0.721048421875 0.3954039359375 0.7073407421875 0.45413627968750003 0.6482606093750001 0.46222773124999994 0.5979133875 0.438822225 0.5614416578125 0.3718604046875 0.5410391375 0.2636198984375 0.5439582171875 0.2054329421875 0.57179310625 0.20206454687500003 0.6270311953125 0.21117503124999998 0.6560407671874999
1 0.0162535953125 0.8041037781249999 0.032574521875 0.8332392078125 0.07596302031249999 0.8267839203125 0.13170454375 0.80131055625 0.13726665625 0.758131821875 0.08000266406249999 0.7330901515625 0.0679852625 0.7328803875000001 0.02645485625 0.7706228687500001 0.0168828890625 0.7680515765625 0.0162535953125 0.8041037781249999
1 0.7236373375 0.35965086562500004 0.7136038874999999 0.383517853125 0.5354946484374999 0.39483421875 0.47992093750000003 0.41069366250000006 0.47709792812499996 0.434686509375 0.514672596875 0.4858308375 0.5455822140625 0.505604065625 0.598584634375 0.49931658749999996 0.6439990375 0.514534575 0.7016825578125 0.51554144375 0.7933084703125 0.50031129375 0.8205438562499999 0.4551066546875 0.82108924375 0.42386141562499996 0.8093655140625 0.4068272890625 0.8169954828125 0.3829183484375 0.8943263734375 0.360226040625 0.8946619968749999 0.3409982 0.8204897375 0.3204698203125 0.774697759375 0.3268831546875 0.783934103125 0.3486822875 0.77895933125 0.3582123015625 0.7236373375 0.35965086562500004
1 0.256858775 0.3803537625 0.2613301125 0.3996655078125 0.28507124375 0.41690939687500006 0.3306954109375 0.4201099828125 0.3719741 0.39678838125000004 0.3772425421875 0.37043400625 0.44930498906249994 0.37409607500000003 0.46882650000000003 0.3576073375 0.48324738125 0.3578590546875 0.46912017031250003 0.3407829765625 0.416411421875 0.3302460921875 0.361005521875 0.3364916171875 0.34840078281250003 0.369930571875 0.2665566015625 0.3757146140625 0.256858775 0.3803537625
1 0.07437426875 0.5045917375 0.1031321234375 0.5099021328125 0.12488930312499999 0.5030692671875 0.16869733125 0.47257917968749996 0.169326625 0.436526978125 0.135929621875 0.4215187578125 0.085456540625 0.42063774687500005 0.05876654375 0.43459714531250004 0.055691815624999995 0.47301087343750003 0.07437426875 0.5045917375
1 0 0.53882850625 0.0008434703125 0.5850514718750001 0.0203649796875 0.568562734375 0.0444417328125 0.5665787828125 0.0451549328125 0.5257196234375 0.033347296875 0.5134924578125 0 0.517663875 0 0.53882850625
1 0.5487706343750001 0.3229395828125 0.5923689000000001 0.3044668953125 0.5808549328125 0.27541536875 0.4634200359375 0.2541318375 0.41290500156250004 0.25565430624999996 0.40746874687499995 0.2916226015625 0.4958940734375 0.32201661875 0.5487706343750001 0.3229395828125
1 0.7522571671875 0.23513138437499997 0.7903352734375 0.25743395156250004 0.8432537874999999 0.255953434375 0.857926384375 0.24178427343750003 0.8244874296875 0.22917953125 0.8057210687499999 0.20240562812500001 0.745759928125 0.194146365625 0.6856729265625 0.19309754375 0.6782107703125 0.2073925640625 0.6900184046875 0.219619728125 0.7522571671875 0.23513138437499997
1 0.7583768328125 0.297747725 0.765838990625 0.2834527015625 0.7372489468750001 0.2685283875 0.696347834375 0.27021866875 0.6888856765625 0.284513690625 0.7270896390625 0.299605815625 0.7583768328125 0.297747725
1 0.6899466640624999 0.361467003125 0.697450775 0.3447685015625 0.6616922453125 0.32731485 0.6231526578125 0.3314505625 0.62277508125 0.3530818828125 0.6562140375000001 0.36568662343749997 0.6899466640624999 0.361467003125
1 0.610367940625 0.23746312343749998 0.622762915625 0.2160415671875 0.5990217875 0.198797678125 0.543741746875 0.1978327609375 0.5313887234375 0.2168508375 0.574315740625 0.23683382968750002 0.610367940625 0.23746312343749998
1 0.53922845625 0.18092449531250002 0.5176810421875 0.175739959375 0.47188906093750005 0.1821532953125 0.4956721453125 0.196993703125 0.5438256531250001 0.1930258015625 0.53922845625 0.18092449531250002
1 0.10013584375 0.9570333249999999 0.053840429687500004 0.9922884203125 0.3158197546875 0.9968612859375 0.31619733125 0.9752299656250001 0.304515553125 0.9557923609375001 0.23502439531250002 0.9425583265625 0.10013584375 0.9570333249999999
1 0.70026161875 0.1837353390625 0.7508605578124999 0.1774059109375 0.7582388109375 0.16791784999999998 0.758448575 0.15590045 0.7441955046875 0.1460348125 0.638610196875 0.1345749640625 0.5303696875 0.13749404375000002 0.5204201453125 0.15655407187499998 0.5730030359375 0.174301396875 0.70026161875 0.1837353390625
1 0.348556428125 0.22327633750000003 0.42592927031250005 0.19818055 0.42373555625000003 0.186121196875 0.40218814218750004 0.1809366609375 0.303645459375 0.1792165921875 0.2843337125 0.183687928125 0.27678765 0.202789909375 0.348556428125 0.22327633750000003
1 0.3279441421875 0.3022555546875 0.3305993390625 0.287876628125 0.3114973578125 0.280330565625 0.27059624531250004 0.2820208453125 0.27734520156250003 0.30858498437500004 0.3037415296875 0.311449946875 0.3279441421875 0.3022555546875
1 0.402985246875 0.135270540625 0.45130656562500004 0.1216887171875 0.4443897953125 0.10473849843750001 0.418119325 0.09466309687499999 0.338720578125 0.0980856109375 0.3336199484375 0.1148260640625 0.340620625 0.1269693234375 0.402985246875 0.135270540625
1 0.2893504390625 0.171754434375 0.296644784375 0.1670733328125 0.2920475890625 0.154972028125 0.3331165140625 0.1436678265625 0.3309647515625 0.12920499375 0.309375384375 0.1264239359375 0.25169186250000003 0.1254170671875 0.24178427343750003 0.142073615625 0.2581471515625 0.1688055671875 0.2893504390625 0.171754434375
1 0.18742719531250002 0.0882321375 0.206487225 0.09818168125 0.18936919375 0.11471237187500001 0.2228920546875 0.122510153125 0.27365880625 0.106566803125 0.271381184375 0.099314409375 0.242581378125 0.09640749531250001 0.2427072359375 0.0891970546875 0.27424614687500004 0.07291808125 0.31759269218749997 0.0688662734375 0.32012203281249996 0.061697787500000004 0.3081885375 0.056681062500000004 0.2624804640625 0.0582874375 0.238193946875 0.0722887890625 0.1805104265625 0.07128191874999999 0.18742719531250002 0.0882321375
1 0.9746426250000001 0.717451390625 0.9962319921875 0.7202324453125 0.99770034375 0.6361106453125001 0.9685229609375 0.6548350515625 0.96101885 0.671533553125 0.9582377937500001 0.69312291875 0.9746426250000001 0.717451390625
1 0.9920299968749999 0.4100157109375 0.9826677937499999 0.39542701875 0.9369177656250001 0.3994368734375 0.9294556093749999 0.4137318953125 0.9892489390625 0.43160507812500004 0.9920299968749999 0.4100157109375