1 0.567610134375 0.39017011875 0.63178053125 0.310024940625 0.6776165125 0.25277839687500003 0.6096301265624999 0.2452928734375 0.5420719609375 0.2774098 0.560904334375 0.3322782421875 0.515872821875 0.36473465156249996 0.567610134375 0.39017011875
1 0.6920120562500001 0.3759533359375 0.7343328140625001 0.34249240937500003 0.6809056359375 0.317631340625 0.6336687421875 0.35063318125 0.6920120562500001 0.3759533359375
1 0.6057032890625 0.5395094031250001 0.5889497015625 0.6307414203125 0.65380820625 0.608461359375 0.7284883921875001 0.5256956781250001 0.733825084375 0.45411030781250006 0.6969181546875001 0.44040306406249996 0.6408754453125 0.49579421718749994 0.6057032890625 0.5395094031250001
1 0.7110947484375 0.6384691984375 0.6864467671875001 0.7118148421875 0.72394325625 0.8002117578125001 0.7756259734375 0.8972898046875001 0.823577496875 0.934629884375 0.893912234375 0.9170934640624999 0.9568020531249999 0.862808553125 0.9700619875 0.7541202484375 0.8792778875 0.7171913890625 0.9124458515624999 0.6676852171875 0.8501546734375 0.590052253125 0.8022734515625001 0.608099403125 0.8245850578124999 0.7079186671875 0.761822253125 0.6731670750000001 0.7448955265625 0.5811687984375 0.7110947484375 0.6384691984375
1 0.10163265156250001 0.7598795984375 0.1676725625 0.71134111875 0.10688517500000001 0.677624196875 0.0586310734375 0.7217281765625 0.10163265156250001 0.7598795984375
1 0.0993733 0.9574617921874999 0.146888734375 0.9517239999999999 0.1704612 0.8740646890624999 0.0913261953125 0.8923741843749999 0.0993733 0.9574617921874999
1 0.253241940625 1 0.302201746875 0.9099456078125 0.326048446875 0.8230541562499999 0.29876582812499997 0.782510871875 0.33221526875 0.7100252859375 0.36835718281249996 0.6414503328125 0.297692778125 0.6025595203125 0.29816434375 0.5596781625 0.24209287031249999 0.61031305625 0.196798284375 0.6628427328125001 0.2106814 0.7357452015625 0.223221928125 0.799818828125 0.2178780078125 0.885151525 0.1952617875 0.9561616890625 0.2022759609375 1 0.253241940625 1
1 0.3929208875 0.5574346234374999 0.42823987187499996 0.51655573125 0.39008175624999997 0.49094222656250003 0.3581345640625 0.5071245796875 0.3929208875 0.5574346234374999
1 0.48212768125 1 0.5533876546875 0.9633910609375 0.5526297765625 0.8673614359374999 0.523780784375 0.7309901078125 0.514931203125 0.6507236765625 0.4785246703125 0.5391457125 0.4286393234375 0.611147521875 0.4159596171875 0.6873786375 0.424897775 0.7235715890625001 0.43220747968750006 0.8286585609375001 0.4534751984375 1 0.48212768125 1
1 0.3539687296875 0.5045280390625 0.3716920265625 0.44818169531249996 0.363256296875 0.4350121765625 0.3223696203125 0.47422462187500003 0.3184885921875 0.5103196624999999 0.3539687296875 0.5045280390625
1 0.3026228828125 0.45012978437499995 0.36335494062499996 0.4181874828125 0.3459348453125 0.4103125859375 0.3373306734375 0.3758031421875 0.2807394859375 0.3899129109375 0.2681340109375 0.4495651203125 0.3026228828125 0.45012978437499995
1 0.7915229421875 0.557477853125 0.8378884234375 0.516746653125 0.8061905671874999 0.5032677796875 0.7738527453125 0.5113305046875001 0.77114589375 0.5349145734375 0.7915229421875 0.557477853125