1 0.430324225 0.40237935 0.48031592500000003 0.403861296875 0.49562501875000003 0.374444446875 0.453653646875 0.37718684062499996 0.42199227500000003 0.366813503125 0.430324225 0.40237935
1 0.3986627265625 0.34606671875 0.42199227500000003 0.354958165625 0.45291668593749995 0.32814814999999997 0.4269914328125 0.3253199328125 0.3986627265625 0.32828376718749996 0.3986627265625 0.34606671875
1 0.3720005125 0.32828376718749996 0.3986627265625 0.332729490625 0.41750001875000003 0.3022222234375 0.3886644125 0.30012747812499996 0.35533661250000004 0.30012747812499996 0.3720005125 0.32828376718749996
1 0.2511872375 0.43053569375 0.3053449125 0.43201758281249997 0.3404166859375 0.38000000156249997 0.29867932656249996 0.37866878593750003 0.25951918749999997 0.37866878593750003 0.222858659375 0.37866878593750003 0.21036073437499997 0.42016230156249995 0.2511872375 0.43053569375
1 0.650287653125 0.8084231703125001 0.5378063281250001 0.8365795140625 0.54562501875 0.9133333359375 0.654453628125 0.9403133328125 0.7086113015625 0.8884464234375 0.7019457796874999 0.8469528515625001 0.650287653125 0.8084231703125001
1 0.463652025 0.7358094765625001 0.43865617500000004 0.7773030484375 0.478958353125 0.7800000015624999 0.5678013984375 0.749146703125 0.5611358140625 0.7091351343750001 0.505311775 0.7076531312500001 0.463652025 0.7358094765625001
1 0.6427889484375 0.5476066828125 0.641955703125 0.5861364203125 0.67687501875 0.600370371875 0.7152768875 0.5713173031250001 0.6811159046874999 0.555016240625 0.6427889484375 0.5476066828125
1 0.148704228125 0.9091932093749999 0.19452995312500002 0.9254942156249999 0.25708335312499997 0.9077777796875001 0.3311740078125 0.9032655390625 0.3928303875 0.8676996375 0.39033077656250004 0.8321337359375001 0.2886810125 0.8321337359375001 0.23119060937499997 0.803977390625 0.1795325453125 0.8454709625 0.147871109375 0.8765910859374999 0.148704228125 0.9091932093749999
1 0.23452333749999998 0.7165446921874999 0.1878644953125 0.7283999171875 0.0185416859375 0.7429629640625001 0.1120437 0.771375378125 0.1753665703125 0.771375378125 0.22702463437499998 0.7802668265625 0.24785450937500003 0.743219034375 0.23452333749999998 0.7165446921874999
1 0.07288356093750001 0.532787565625 0.0103939359375 0.555016240625 0.06437501875 0.5929629640625 0.135373184375 0.587618309375 0.1553698140625 0.54612479375 0.1253748703125 0.532787565625 0.07288356093750001 0.532787565625
1 0.6411225203125 0.34903055312500003 0.5994627703125001 0.34754860781249997 0.608627903125 0.3653315578125 0.650287653125 0.366813503125 0.6411225203125 0.34903055312500003