1 0.44532169687499995 0.371259228125 0.4253250046875 0.3534762765625 0.41125001875 0.3355555578125 0.382832071875 0.3401390484375 0.35033751875 0.3401390484375 0.3653349265625 0.3757049515625 0.40866110468750005 0.380150675 0.44115572187499996 0.3920059578125 0.44532169687499995 0.371259228125
1 0.4686511828125 0.4453548109375 0.49781300625 0.43942714218749995 0.4779166859375 0.418888890625 0.4478213078125 0.41719846718750003 0.4253250046875 0.42460802500000006 0.43365695468750004 0.437945253125 0.4686511828125 0.4453548109375
1 0.24952087343749998 0.4453548109375 0.2953465984375 0.44831864687499995 0.31750001875 0.42259259374999997 0.2661847734375 0.4290537484375 0.22535826874999998 0.4290537484375 0.198695928125 0.4409090875 0.24952087343749998 0.4453548109375
1 0.6609375 0.38125 0.6015625 0.38125 0.6015625 0.415625 0.6609375 0.415625 0.6609375 0.38125
1 0.50197898125 0.9684696765625 0.529474378125 0.9936621296875 0.67062501875 1 0.7086113015625 0.9862525718749999 0.738606371875 0.9729153437500001 0.738606371875 0.9299398828125 0.7069449375 0.9166027671875 0.6802827234375 0.8899283125 0.6036287453125 0.8721454171874999 0.529474378125 0.897337871875 0.50197898125 0.9684696765625
1 0.1628686453125 0.9892163484375001 0.24868762812499998 0.9862525718749999 0.2966666859375 0.9800000015625001 0.382832071875 0.9417952218750001 0.34867102656250004 0.9077112078124999 0.2620187984375 0.9047474296875 0.22702463437499998 0.8765910859374999 0.149537475 0.9180846562499999 0.11620967499999998 0.9669876734375 0.1628686453125 0.9892163484375001
1 0.141205525 0.32976571250000003 0.09038057968749999 0.335693325 0.08937501875000001 0.3911111125 0.147871109375 0.3623677234375 0.141205525 0.32976571250000003
1 0.4478213078125 0.8217603984374999 0.45948605000000003 0.8543624109374999 0.500833353125 0.8522222234375001 0.5486378890625 0.8099050609375 0.5194760640625 0.7743391578125001 0.475316703125 0.7995317234375 0.4478213078125 0.8217603984374999
1 0.1462047453125 0.72988180625 0.0612187546875 0.69579785 0.0487208296875 0.8143508390624999 0.1420387703125 0.8439890734375 0.20702787812499998 0.820278509375 0.21369346406249998 0.781748715625 0.168700984375 0.7639658203125 0.1462047453125 0.72988180625
1 0.0487208296875 0.5787268625 0.009560690625 0.5920640328125 0.06437501875 0.6448148171875 0.132040328125 0.5994735906249999 0.0487208296875 0.5787268625
1 0.16536812812499999 0.593545978125 0.1503707203125 0.6083650953124999 0.1591666859375 0.6725925937499999 0.20869437031250002 0.676533009375 0.20119553906249998 0.6009555375 0.16536812812499999 0.593545978125