1 0.3874800671875 0.50415230625 0.34899164531250004 0.489601190625 0.3250919546875 0.4960295125 0.3186887109375 0.511775059375 0.359509575 0.5269077171875 0.383409265625 0.520479396875 0.3874800671875 0.50415230625
1 0.467971246875 0.5589051234375 0.44056349062500005 0.5495941656250001 0.42541202343749995 0.5606811 0.4277570046875 0.5810852640624999 0.463906715625 0.5851435234375 0.467971246875 0.5589051234375
1 0.5538091656249999 0.7710695390625 0.4937409578125 0.74370566875 0.47918357343749995 0.77228278125 0.48852587812500003 0.7944315734375 0.511275021875 0.8124907546875001 0.5439229343750001 0.8107210468750001 0.5538091656249999 0.7710695390625
1 0.35670844218750003 0.7070621906250001 0.3421447890625 0.72572799375 0.336923440625 0.7665425875 0.386486259375 0.7764225484375 0.424368059375 0.753660865625 0.41560102812500005 0.7192683234375 0.384103659375 0.696550528125 0.35670844218750003 0.7070621906250001
1 0.0191549125 0.7294304171875 0.00403479375 0.7900739 0.0133833703125 0.8221339999999999 0.062364643750000004 0.8343464031250001 0.1002464453125 0.8115847203125 0.12642842031249998 0.726447465625 0.11825546875 0.7095451015625 0.10659326093749999 0.7066373859375 0.054704270312500004 0.706087190625 0.0191549125 0.7294304171875
1 0.0932616578125 0.8296627125 0.0979516203125 0.8704710359375 0.11720523593750001 0.8926135578125001 0.1516040484375 0.8937578343749999 0.182482253125 0.8593402140625 0.1906175859375 0.816774721875 0.18361399218750002 0.8051187828125 0.1492089109375 0.794063196875 0.110151484375 0.8016671421874999 0.0932616578125 0.8296627125
1 0.3125237125 0.9041503750000001 0.326493284375 0.8679943937499999 0.315981621875 0.8405991765625 0.2763238453125 0.8208016359375 0.23727268906250001 0.8383168921875 0.2268049140625 0.8803008406249999 0.2460648 0.912354671875 0.26531214531249997 0.924585884375 0.3125237125 0.9041503750000001
1 0.3790390515625 0.9851478625000001 0.3545264703125 0.9443520765625 0.305538928125 0.9222283640625 0.2705648421875 0.9333278390625 0.260084528125 0.95548916875 0.3790390515625 0.9851478625000001
1 0.450706775 0.9163063515625 0.4617623609375 0.8819012703125001 0.4489119890625 0.8440132 0.4156699921875 0.8282927296875 0.3906134859375 0.84929724375 0.37374247031249996 0.9070267421875 0.3842478609375 0.92451065 0.4163205 0.93498469375 0.450706775 0.9163063515625
1 0.5990719125 1 0.59884503125 0.9978352265625 0.5813360453125 0.9686953796875001 0.5457616078124999 0.9523933671875 0.5037839281250001 0.9518369015625 0.4940747859375 1 0.5990719125 1
1 0.2570012640625 0.6896347078125 0.24710249375 0.7094635968749999 0.24944747500000003 0.729867759375 0.27043944999999997 0.735101646875 0.319395646875 0.7076688109375 0.3287066046875 0.6802610546875 0.31121015625 0.6709438265625 0.2570012640625 0.6896347078125
1 0.8906428125 1 0.9048949265624999 0.9428378953125 0.8745669156250001 0.9253665265625 0.8302066359375001 0.8449380421875 0.8383482390625 0.812283859375 0.8704020703124999 0.793023975 0.8738725203125 0.7492953953125 0.8301188625 0.7061797078125001 0.7846331156249999 0.6898839640625 0.748489675 0.6957370109375 0.7473391281249999 0.7202245125 0.75900760625 0.7330435390625001 0.745019225 0.739465590625 0.7170299265625 0.732487075 0.6843506640625 0.6847002328125 0.6575244515625001 0.6730568328125 0.635375659375 0.6823991390625 0.5963119640625 0.6800917765625 0.5840807515625001 0.699339121875 0.615603196875 0.7617021562499999 0.6739455859375 0.825797278125 0.727022740625 0.8613278296875 0.799909975 0.8770232218749999 0.8238598203124999 0.9498853765625 0.8125157765625 1 0.8906428125 1