1 0.569675775 0.40237935 0.578007725 0.366813503125 0.546346353125 0.37718684062499996 0.50437498125 0.374444446875 0.519684075 0.403861296875 0.569675775 0.40237935
1 0.6013372734375 0.34606671875 0.6013372734375 0.32828376718749996 0.5730085671875 0.3253199328125 0.5470833140625 0.32814814999999997 0.578007725 0.354958165625 0.6013372734375 0.34606671875
1 0.6279994875 0.32828376718749996 0.6446633875 0.30012747812499996 0.6113355874999999 0.30012747812499996 0.58249998125 0.3022222234375 0.6013372734375 0.332729490625 0.6279994875 0.32828376718749996
1 0.7013206734375 0.37866878593750003 0.6595833140625 0.38000000156249997 0.6946550874999999 0.43201758281249997 0.7488127625 0.43053569375 0.789639265625 0.42016230156249995 0.777141340625 0.37866878593750003 0.7404808125 0.37866878593750003 0.7013206734375 0.37866878593750003
1 0.2980542203125 0.8469528515625001 0.2913886984375 0.8884464234375 0.345546371875 0.9403133328125 0.45437498125 0.9133333359375 0.462193671875 0.8365795140625 0.34971234687499997 0.8084231703125001 0.2980542203125 0.8469528515625001
1 0.494688225 0.7076531312500001 0.43886418593750004 0.7091351343750001 0.4321986015625 0.749146703125 0.521041646875 0.7800000015624999 0.561343825 0.7773030484375 0.536347975 0.7358094765625001 0.494688225 0.7076531312500001
1 0.3572110515625 0.5476066828125 0.3188840953125 0.555016240625 0.2847231125 0.5713173031250001 0.32312498125 0.600370371875 0.358044296875 0.5861364203125 0.3572110515625 0.5476066828125
1 0.6096692234375001 0.8321337359375001 0.6071696125 0.8676996375 0.6688259921874999 0.9032655390625 0.742916646875 0.9077777796875001 0.8054700468749999 0.9254942156249999 0.851295771875 0.9091932093749999 0.852128890625 0.8765910859374999 0.8204674546874999 0.8454709625 0.768809390625 0.803977390625 0.7113189875 0.8321337359375001 0.6096692234375001 0.8321337359375001
1 0.8879562999999999 0.771375378125 0.9814583140625001 0.7429629640625001 0.8121355046875 0.7283999171875 0.7654766625 0.7165446921874999 0.752145490625 0.743219034375 0.772975365625 0.7802668265625 0.8246334296875 0.771375378125 0.8879562999999999 0.771375378125
1 0.8746251296875001 0.532787565625 0.8446301859374999 0.54612479375 0.8646268156250001 0.587618309375 0.9356249812499999 0.5929629640625 0.9896060640625001 0.555016240625 0.9271164390625 0.532787565625 0.8746251296875001 0.532787565625
1 0.34971234687499997 0.366813503125 0.39137209687499996 0.3653315578125 0.40053722968749994 0.34754860781249997 0.3588774796875 0.34903055312500003 0.34971234687499997 0.366813503125