1 0.17679548750000001 0.9727966968749999 0.34984605 0.97581730625 0.3837045359375 0.9643872453125001 0.48118622968749997 0.8891540015625001 0.50353075 0.8486724171875 0.502050234375 0.7957539031249999 0.4858132140625 0.7618115125 0.459752509375 0.7397187109375001 0.42867508125000003 0.729559403125 0.363865025 0.7236197140625 0.22164017500000002 0.7451792937499999 0.19254669687499998 0.7590967375 0.1192256609375 0.8275390734375 0.10017779687499999 0.95462984375 0.11438891250000001 0.9668989625 0.17679548750000001 0.9727966968749999
1 0.7347019859375 0.5521809859375 0.6266292906250001 0.5454861453125 0.558996225 0.563539303125 0.53433213125 0.599171975 0.5406615609375 0.6497709140625 0.597296259375 0.7108647859375 0.637903703125 0.7259988640625 0.6931837437499999 0.72696378125 0.7832032796874999 0.6660255578125 0.793320634375 0.637351609375 0.791882071875 0.5820296140625 0.7347019859375 0.5521809859375
1 0.9123740734375 0.8413835296875 0.9555108546875 0.849349121875 0.9728386499999999 0.82080103125 0.97346794375 0.7847488312500001 0.9638120703125 0.7869844984375 0.92362415625 0.7478156203124999 0.91160675625 0.74760585625 0.85350370625 0.7706337859375 0.8575555140625 0.8139803328124999 0.9123740734375 0.8413835296875
1 0.185971009375 0.30939425468750004 0.111127503125 0.3273215546875 0.11079188124999999 0.3465493953125 0.1872837125 0.37192668906250004 0.19407462343749998 0.396087346875 0.181763553125 0.41270194375 0.18121816562499998 0.44394718437499997 0.20685934062500003 0.4900747859375 0.2978979125 0.5084933578124999 0.355581434375 0.5095002265625 0.401499271875 0.49587645 0.4542499734375 0.5040098546875 0.4858308375 0.485327403125 0.525167528125 0.43552556718749996 0.523183578125 0.4114488140625 0.46819720625 0.3936595375 0.290591403125 0.3761341421875 0.281397009375 0.35193153125 0.22615892187500003 0.348563134375 0.22151977500000003 0.3388653078125 0.23151127031250002 0.31740179999999996 0.185971009375 0.30939425468750004
1 0.671989575 0.4260672953125 0.7176976484375001 0.42446091875 0.7420261203125 0.4080560875 0.747168703125 0.388912153125 0.7376386890625 0.3839373828125 0.656046225 0.37530054218750003 0.6446161671875 0.341442059375 0.589461984375 0.3332667015625 0.5364176125 0.3419576578125 0.5217030609375 0.3585303 0.5361239421875 0.35878201875000004 0.5550581125 0.3759420015625 0.627204465625 0.3747971078125 0.63154994375 0.40131929375000003 0.671989575 0.4260672953125
1 0.8747750734374999 0.5161585718749999 0.8962805359375 0.5237465890624999 0.9252062015625 0.5194430640625 0.94497943125 0.488533446875 0.943247196875 0.4500358125 0.9170606328125 0.43515345156249996 0.866587553125 0.43427244062500003 0.8326871140625001 0.4481059796875 0.8320578203125001 0.4841581796875 0.8747750734374999 0.5161585718749999
1 0.9769500343749999 0.5852599875 0.995884203125 0.6024199718750001 0.9994623656250001 0.535164484375 0.96589755 0.5297701828125 0.9536703859375001 0.54157781875 0.9529571875 0.5824369796875 0.9769500343749999 0.5852599875
1 0.5451383562500001 0.2555582359375 0.4270322125 0.2727303828125 0.41451137656250003 0.3013623796875 0.45743839375000006 0.321345371875 0.5103149546875 0.3222683359375 0.5997471515624999 0.2949788328125 0.5955694828125 0.2588427265625 0.5451383562500001 0.2555582359375
1 0.2048510609375 0.191917403125 0.1851617375 0.218020059375 0.15130325312499998 0.22945012031249998 0.16547241562499998 0.2441227171875 0.21830702500000002 0.24744916250000001 0.25714028125 0.2264890875 0.3198824796875 0.21315898125000002 0.33210964375 0.20135134687499998 0.325150921875 0.1868046078125 0.2650639203125 0.1857557859375 0.2048510609375 0.191917403125
1 0.280042353125 0.29180257656249997 0.3187497515625 0.27805294375 0.311791028125 0.26350620468749997 0.2709738203125 0.260389525 0.24188034218749999 0.2743069703125 0.248839065625 0.288853709375 0.280042353125 0.29180257656249997
1 0.34856859375 0.3603166515625 0.382427078125 0.34888659375 0.3828046546875 0.3272552734375 0.344432878125 0.32177706562499997 0.3080870078125 0.33797213125000003 0.315003778125 0.3549223515625 0.34856859375 0.3603166515625
1 0.43491389687500004 0.2344005625 0.47851216093750004 0.2159278734375 0.466830384375 0.19649026875 0.41155034375 0.1955253515625 0.38722187343750003 0.21193018437500002 0.398861696875 0.23377126874999998 0.43491389687500004 0.2344005625
1 0.4719310140625 0.17974981406249999 0.466914290625 0.191683309375 0.5148999859375001 0.1973293265625 0.5391865046875 0.1833279765625 0.49364624062500007 0.1753204296875 0.4719310140625 0.17974981406249999
1 0.9194682984375 1 0.8836703359375001 0.9707099703125 0.7493691250000001 0.951536246875 0.6794584390625 0.9623370140624999 0.667105415625 0.9813550890625 0.6667799671875 1 0.9194682984375 1
1 0.25350800156250003 0.159107740625 0.26055063125 0.1688475203125 0.3108978515625 0.1769389703125 0.438408153125 0.171952034375 0.491578384375 0.15605063749999998 0.4823000875 0.1366549859375 0.374227390625 0.1299601453125 0.26830645937500003 0.1377281375 0.253717765625 0.14709034062499998 0.25350800156250003 0.159107740625
1 0.6088874234375 0.184544609375 0.5871721984375 0.18897399374999999 0.5845589546875 0.2009494421875 0.6610088328125 0.228730215625 0.7334488578125 0.2107609609375 0.726574040625 0.1914072625 0.70743010625 0.1862646796875 0.6088874234375 0.184544609375
1 0.7027192171875 0.31841412812500003 0.7291994500000001 0.3164721296875 0.736871371875 0.2901597078125 0.6960541640625 0.2870430296875 0.676700465625 0.2939178453125 0.6788522265625 0.308380678125 0.7027192171875 0.31841412812500003
1 0.5959768484375 0.0977676125 0.56937075625 0.10692005 0.5618666453125 0.12361855 0.6096845296875 0.1388784890625 0.6723008687500001 0.132758825 0.6797210734375 0.1208672828125 0.6752077843750001 0.1039590171875 0.5959768484375 0.0977676125
1 0.7198670359375 0.16243964375 0.7148503109375001 0.1743731375 0.72197684375 0.17930595625 0.7532640374999999 0.1774478640625 0.7705498796875 0.15130325312499998 0.7612296296875 0.13431108125 0.7035461093750001 0.1333042125 0.6818728359375 0.13533011718750002 0.6792176390625 0.14970904375 0.7198670359375 0.16243964375
1 0.7424632718749999 0.10753717812500001 0.7399339328125001 0.114705665625 0.7901133437500001 0.1324110375 0.8238879234375001 0.1257879375 0.8073572328124999 0.10866990624999999 0.8267528859375 0.099391609375 0.8342569953125001 0.0826931078125 0.7765734734375 0.08168623750000001 0.7527903921875 0.0668458296875 0.707166225 0.06364524375 0.6950649171875 0.068242440625 0.6973425390625 0.0754948328125 0.7405212734375 0.08105694375 0.77147284375 0.0984266921875 0.771346984375 0.1056371328125 0.7424632718749999 0.10753717812500001
1 0 0.7024420625000001 0.0180575703125 0.7007541359375 0.0353014609375 0.6770130046875 0.03327555625 0.6553397328125 0.0263587859375 0.6383895140625 0 0.620144584375 0 0.7024420625000001
1 0.011410140624999999 0.3928989265625 0.0134360453125 0.4145722 0.073816715625 0.3987966625 0.0668579953125 0.3842499234375 0.021275778125 0.378645859375 0.011410140624999999 0.3928989265625