1 0.43865617500000004 0.42460802500000006 0.45948605000000003 0.43498141874999996 0.4903142390625 0.42608997187500003 0.472708353125 0.40222222343749997 0.4253250046875 0.40682507343749996 0.43865617500000004 0.42460802500000006
1 0.3978296078125 0.3534762765625 0.40782792187499994 0.3757049515625 0.4486544890625 0.371259228125 0.45291668593749995 0.3429629640625 0.4228254578125 0.3386571609375 0.3978296078125 0.3534762765625
1 0.3453382984375 0.326801878125 0.3570029765625 0.34903055312500003 0.3844984375 0.354958165625 0.40604168593749995 0.32444444687499996 0.3853316828125 0.3179103734375 0.3453382984375 0.326801878125
1 0.33783959375 0.322356153125 0.3595025875 0.322356153125 0.38366531875 0.31346465 0.36437501875 0.3022222234375 0.3328403734375 0.3149465953125 0.33783959375 0.322356153125
1 0.20619475937499998 0.42016230156249995 0.21952580312499997 0.43942714218749995 0.25868606875 0.4468367 0.29701296250000003 0.4423909765625 0.32062501875 0.4077777796875 0.27118399375 0.403861296875 0.20619475937499998 0.42016230156249995
1 0.6752835015625 0.9892163484375001 0.7086113015625 0.969951565625 0.7361067625 0.9210484359375 0.6961133765625 0.8676996375 0.62279225625 0.83954329375 0.5744669203125 0.8573263015625001 0.5344736 0.8854825328124999 0.5278080140625 0.9595781156250001 0.6411225203125 0.969951565625 0.6752835015625 0.9892163484375001
1 0.38783129375000003 0.915120765625 0.32534166875000003 0.8780729734375001 0.2745167234375 0.8869645343749999 0.22535826874999998 0.8662177484375 0.1462047453125 0.9106750984374999 0.11870928437499999 0.9551324484375 0.1904166859375 0.9688888906249999 0.32034244843750004 0.9477228906249999 0.38783129375000003 0.915120765625
1 0.6277914124999999 0.3757049515625 0.59779640625 0.3816326203125 0.622708353125 0.3948148171875 0.6552868734375 0.3757049515625 0.6277914124999999 0.3757049515625
1 0.550304253125 0.7802668265625 0.504478528125 0.7684116015625 0.4603192328125 0.7921221640625 0.45032085468750005 0.8054593921875 0.45948605000000003 0.8143508390624999 0.5060416859375 0.8244444468750001 0.5403059390625 0.8143508390624999 0.550304253125 0.7802668265625
1 0.34117232343750004 0.7091351343750001 0.3103441328125 0.7195084703125 0.3078445234375 0.749146703125 0.35291668593750003 0.750370371875 0.38116570781250003 0.7091351343750001 0.34117232343750004 0.7091351343750001
1 0.20536151406249997 0.80694128125 0.22035904843749998 0.7684116015625 0.17869929843750001 0.7669295984375 0.1470378640625 0.6972797953125001 0.0637183640625 0.6809787328125 0.029557446874999997 0.6883882921875 0.0478877109375 0.7802668265625 0.0497916859375 0.7651851875 0.1178760390625 0.820278509375 0.20536151406249997 0.80694128125
1 0.140372278125 0.5727991921875 0.07038395 0.5609439109375 0.0287242 0.5757631390625 0.0716666859375 0.6318518531249999 0.11454330937499999 0.6098469843750001 0.140372278125 0.5727991921875
1 0.211193853125 0.581690696875 0.160369034375 0.581690696875 0.172708353125 0.6170370390625 0.202861903125 0.603919371875 0.211193853125 0.581690696875