1 0.558844278125 0.3920059578125 0.5913388953125 0.380150675 0.6346650734375 0.3757049515625 0.64966248125 0.3401390484375 0.617167928125 0.3401390484375 0.58874998125 0.3355555578125 0.5746749953125 0.3534762765625 0.554678303125 0.371259228125 0.558844278125 0.3920059578125
1 0.5663430453125 0.437945253125 0.5746749953125 0.42460802500000006 0.5521786921875 0.41719846718750003 0.5220833140625001 0.418888890625 0.50218699375 0.43942714218749995 0.5313488171875 0.4453548109375 0.5663430453125 0.437945253125
1 0.801304071875 0.4409090875 0.77464173125 0.4290537484375 0.7338152265625 0.4290537484375 0.68249998125 0.42259259374999997 0.7046534015625 0.44831864687499995 0.7504791265625 0.4453548109375 0.801304071875 0.4409090875
1 0.3984375 0.38125 0.3390625 0.38125 0.3390625 0.415625 0.3984375 0.415625 0.3984375 0.38125
1 0.261393628125 0.9299398828125 0.261393628125 0.9729153437500001 0.2913886984375 0.9862525718749999 0.32937498125000003 1 0.47052562187499997 0.9936621296875 0.49802101875 0.9684696765625 0.47052562187499997 0.897337871875 0.3963712546875 0.8721454171874999 0.3197172765625 0.8899283125 0.2930550625 0.9166027671875 0.261393628125 0.9299398828125
1 0.7033333140625 0.9800000015625001 0.751312371875 0.9862525718749999 0.8371313546874999 0.9892163484375001 0.883790325 0.9669876734375 0.850462525 0.9180846562499999 0.772975365625 0.8765910859374999 0.7379812015625 0.9047474296875 0.6513289734375001 0.9077112078124999 0.617167928125 0.9417952218750001 0.7033333140625 0.9800000015625001
1 0.852128890625 0.3623677234375 0.91062498125 0.3911111125 0.9096194203125 0.335693325 0.8587944750000001 0.32976571250000003 0.852128890625 0.3623677234375
1 0.5246832968749999 0.7995317234375 0.48052393593750004 0.7743391578125001 0.4513621109375 0.8099050609375 0.499166646875 0.8522222234375001 0.54051395 0.8543624109374999 0.5521786921875 0.8217603984374999 0.5246832968749999 0.7995317234375
1 0.8579612296875 0.8439890734375 0.9512791703125 0.8143508390624999 0.9387812453125 0.69579785 0.8537952546875 0.72988180625 0.8312990156250001 0.7639658203125 0.7863065359375 0.781748715625 0.792972121875 0.820278509375 0.8579612296875 0.8439890734375
1 0.867959671875 0.5994735906249999 0.9356249812499999 0.6448148171875 0.990439309375 0.5920640328125 0.9512791703125 0.5787268625 0.867959671875 0.5994735906249999
1 0.834631871875 0.593545978125 0.7988044609375 0.6009555375 0.7913056296875001 0.676533009375 0.8408333140625001 0.6725925937499999 0.8496292796875 0.6083650953124999 0.834631871875 0.593545978125