1 0.428534203125 0.3673376671875 0.4587741828125 0.3841302703125 0.46613437187500006 0.3642906703125 0.4491657375 0.343598484375 0.43806745625000004 0.3236965859375 0.40928236562500003 0.3237781 0.377187875 0.31869483125000003 0.38643690625 0.35616897187499996 0.428534203125 0.3673376671875
1 0.4775855296875 0.4411235484375 0.5073156140624999 0.4398307734375 0.490877140625 0.4164329109375 0.461416728125 0.41005534531250004 0.43803828125 0.41385448281250004 0.4441812484375 0.4283309109375 0.4775855296875 0.4411235484375
1 0.261153078125 0.40684401562500006 0.305950965625 0.416940084375 0.3318560828125 0.3949963203125 0.280161865625 0.3933504546875 0.23983800312499998 0.3869637828125 0.21164933593750002 0.394502253125 0.261153078125 0.40684401562500006
1 0.67734375 0.3984375 0.61328125 0.3984375 0.61328125 0.4421875 0.67734375 0.4421875 0.67734375 0.3984375
1 0.6623884109375 1 0.668411315625 0.9619728703125 0.6392260703125 0.9438470156250001 0.6170649171875 0.9133300796875 0.544136534375 0.8837747968749999 0.4669541625 0.8970567921875 0.4286698140625 0.9630116187500001 0.451885728125 0.9921951375000001 0.49000621093749996 1 0.6623884109375 1
1 0.17147358906250001 0.8292518687499999 0.0884494 0.8581129234375 0.047881803125 0.9012002453125 0.09048899375 0.9304543203125 0.1757150390625 0.9409520796875 0.22408151250000002 0.9422820671875 0.3151626046875 0.9180268874999999 0.286754053125 0.8790185390625 0.20163229375 0.8625358546875 0.17147358906250001 0.8292518687499999
1 0.11146446875 0.328215815625 0.17373683125 0.3089771109375 0.172253390625 0.2757337578125 0.12112690156249999 0.2736376171875 0.11146446875 0.328215815625
1 0.3981292984375 0.8096364484375 0.40455034999999995 0.84366184375 0.4457233984375 0.8480161484375 0.49955924375 0.8136982578125 0.47632018125000003 0.7740083156249999 0.4287635109375 0.791982671875 0.3981292984375 0.8096364484375
1 0.1314864734375 0.7088893781250001 0.11459911406250001 0.6717058078125 0.0359913484375 0.62474674375 0.0051015203125 0.73988504375 0.0926341203125 0.7837565234375 0.160532253125 0.7705044125 0.1731431625 0.7334917109375 0.1314864734375 0.7088893781250001
1 0.04708425625 0.5748851453125 0.121009425 0.54068733125 0.041961231249999995 0.5071619890625 0.0011968249999999999 0.5142089609375 0.04708425625 0.5748851453125
1 0.1377232015625 0.5523368718749999 0.1363634796875 0.617149615625 0.1846649796875 0.6287893546875 0.1890813921875 0.552969290625 0.1548541859375 0.5400463140625 0.1377232015625 0.5523368718749999