1 0.109375 0.46164772656249997 0.1803977265625 0.43039772656249997 0.2201704546875 0.42329545468749996 0.2329545453125 0.3863636359375 0.221590909375 0.34232954531250004 0.203125 0.32528409062499997 0.17329545468750002 0.32954545468749996 0.15767045468750002 0.33522727343750003 0.1321022734375 0.34659090937500003 0.09375 0.35795454531250004 0.05681818125 0.37642045468749996 0.0014204546874999999 0.41193181875 0.0028409093749999998 0.43607954531250004 0.03125 0.453125 0.0710227265625 0.46164772656249997 0.109375 0.46164772656249997
1 0.0426136359375 0.7769886359375 0.078125 0.7457386359375 0.109375 0.71875 0.140625 0.7002840906250001 0.15909090937499998 0.6803977265625 0.15909090937499998 0.6605113640625 0.14204545468750002 0.6534090906250001 0.075284090625 0.6463068187500001 0.0625 0.6491477265625 0.046875 0.6576704546875 0.05255681875 0.6590909093749999 0.026988635937499998 0.6903409093749999 0.015625 0.7102272734375 0.012784090625 0.7528409093749999 0.0170454546875 0.7727272734375 0.0426136359375 0.7769886359375
1 0.3863636359375 0.7116477265625 0.39772727343750003 0.6832386359375 0.36505681874999996 0.6647727265625 0.32954545468749996 0.6619318187500001 0.31107954531250004 0.6775568187500001 0.30539772656249997 0.6903409093749999 0.28835227343750003 0.7357954546875 0.26420454531250004 0.7627840906250001 0.25142045468749996 0.7883522734375 0.2414772734375 0.8409090906250001 0.22869318125000002 0.88068181875 0.2230113640625 0.92755681875 0.2230113640625 0.9488636359375 0.22869318125000002 0.9673295453125 0.2357954546875 0.9872159093749999 0.2542613640625 0.9928977265625001 0.27840909062499997 0.9928977265625001 0.30255681874999996 0.9715909093749999 0.34659090937500003 0.9232954546875 0.359375 0.90625 0.38068181874999996 0.8664772734374999 0.3948863640625 0.82244318125 0.390625 0.7784090906250001 0.38352272656249997 0.734375 0.3863636359375 0.7116477265625
1 0.44460227343750003 0.5596590906250001 0.434659090625 0.5355113640625 0.40482954531250004 0.5298295453125 0.37357954531250004 0.5170454546875 0.36505681874999996 0.5170454546875 0.33522727343750003 0.5411931812499999 0.32528409062499997 0.5795454546875 0.33380681874999996 0.609375 0.35369318125000004 0.6136363640625 0.38068181874999996 0.5994318187500001 0.40198863593749995 0.59375 0.42897727343750003 0.5710227265625 0.44460227343750003 0.5596590906250001
1 0.36505681874999996 0.465909090625 0.38920454531250004 0.44744318125 0.40482954531250004 0.43607954531250004 0.421875 0.43039772656249997 0.42897727343750003 0.42897727343750003 0.424715909375 0.41477272656249997 0.41619318125 0.40625 0.39204545468749996 0.38778409062499997 0.36931818125000004 0.38494318125000004 0.35085227343750003 0.3863636359375 0.33380681874999996 0.390625 0.3082386359375 0.39772727343750003 0.31392045468749996 0.39914772656249997 0.33096590937500003 0.41477272656249997 0.3480113640625 0.44176136406250005 0.35227272656249997 0.45880681875 0.36505681874999996 0.465909090625
1 0.27414772656249997 0.487215909375 0.28977272656249997 0.46875 0.2926136359375 0.46164772656249997 0.27130681874999996 0.44886363593749995 0.2485795453125 0.44460227343750003 0.2329545453125 0.46448863593749995 0.22869318125000002 0.47869318125 0.2428977265625 0.48863636406250005 0.27414772656249997 0.487215909375
1 0.5170454546875 0.5497159093749999 0.515625 0.5511363640625 0.5482954546875 0.5596590906250001 0.5667613640625 0.5681818187500001 0.5823863640625 0.5710227265625 0.5980113640625 0.5653409093749999 0.5994318187500001 0.546875 0.578125 0.5298295453125 0.5795454546875 0.49005681875 0.5710227265625 0.47301136406250005 0.5511363640625 0.47017045468749996 0.5355113640625 0.47017045468749996 0.5056818187500001 0.47443181875 0.5071022734375 0.487215909375 0.5213068187500001 0.5042613640625 0.5326704546875 0.5184659093749999 0.5170454546875 0.5497159093749999
1 0.7613636359375 0.6278409093749999 0.7713068187500001 0.6392045453125 0.7727272734375 0.5965909093749999 0.7684659093749999 0.5866477265625 0.7571022734375 0.5440340906250001 0.75 0.5426136359375 0.7286931812499999 0.5355113640625 0.7059659093749999 0.5241477265625 0.6889204546875 0.5255681812499999 0.6661931812499999 0.5511363640625 0.6704545453125 0.5625 0.7045454546875 0.5738636359375 0.7386363640625 0.5767045453125 0.7471590906250001 0.6122159093749999 0.7613636359375 0.6278409093749999
1 0.625 0.8309659093749999 0.6519886359375 0.8295454546875 0.6647727265625 0.8153409093749999 0.6747159093749999 0.7713068187500001 0.6647727265625 0.7414772734375 0.6292613640625 0.703125 0.6065340906250001 0.6875 0.5809659093749999 0.6775568187500001 0.5767045453125 0.6832386359375 0.546875 0.7244318187500001 0.5440340906250001 0.7585227265625 0.5497159093749999 0.7911931812499999 0.5767045453125 0.8238636359375 0.6079545453125 0.8295454546875 0.625 0.8309659093749999
1 0.440340909375 0.6022727265625 0.450284090625 0.6150568187500001 0.484375 0.6349431812499999 0.5099431812499999 0.6335227265625 0.5198863640625 0.6264204546875 0.5227272734375 0.6150568187500001 0.5113636359375 0.6008522734375 0.5 0.5980113640625 0.46875 0.5951704546875 0.45454545468749996 0.59375 0.440340909375 0.6022727265625
1 0.9815340906250001 1 0.9758522734374999 0.9872159093749999 0.96306818125 0.9417613640625 0.9545454546875 0.91193181875 0.92755681875 0.88494318125 0.9019886359375 0.8678977265625001 0.8792613640625 0.84943181875 0.86293220625 0.8396343234374999 0.82244318125 0.8480113640625 0.8039772734374999 0.8607954546875 0.796875 0.8934659093749999 0.7826704546875 0.9261363640625 0.78125 0.9644886359375 0.7940340906250001 0.9928977265625001 0.8082386359375 1 0.8664772734374999 1 0.9360795453125 1 0.9815340906250001 1
1 0.78125 0.6590909093749999 0.7698863640625 0.6576704546875 0.7599431812499999 0.6747159093749999 0.7741477265625 0.7088068187500001 0.7855113640625 0.7244318187500001 0.796875 0.7372159093749999 0.828125 0.7386363640625 0.8366477265625001 0.7301136359375 0.81818181875 0.6946022734375 0.8110795453125 0.6832386359375 0.8053977265625001 0.6690340906250001 0.78125 0.6590909093749999
1 0.9545454546875 0.6803977265625 0.9616477265625001 0.6818181812499999 0.9730113640625 0.6818181812499999 0.97869318125 0.671875 0.9701704546875 0.6519886359375 0.9573863640625 0.6463068187500001 0.9502840906250001 0.6463068187500001 0.94744318125 0.6619318187500001 0.94744318125 0.6676136359375 0.9545454546875 0.6803977265625
1 0.5980113640625 0.455965909375 0.6164772734375 0.46164772656249997 0.6306818187500001 0.45738636406250005 0.6349431812499999 0.44602272656249997 0.6008522734375 0.42613636406250005 0.59375 0.42613636406250005 0.5894886359375 0.42613636406250005 0.5795454546875 0.43181818125 0.5795454546875 0.44602272656249997 0.5980113640625 0.455965909375
1 0.47017045468749996 0.419034090625 0.49147727343750003 0.42897727343750003 0.5099431812499999 0.42755681875 0.5269886359375 0.419034090625 0.53125 0.41335227343750003 0.49857954531250004 0.38778409062499997 0.49147727343750003 0.39346590937500003 0.481534090625 0.3948863640625 0.46732954531250004 0.409090909375 0.47017045468749996 0.419034090625
1 0.5071022734375 0.35085227343750003 0.509426653125 0.3613119828125 0.5113636359375 0.359375 0.5213068187500001 0.37784090937500003 0.5326704546875 0.37784090937500003 0.5482954546875 0.37215909062499997 0.5482954546875 0.36079545468749996 0.5284090906250001 0.35227272656249997 0.5071022734375 0.35085227343750003
1 0 0.6207386359375 0.0170454546875 0.6122159093749999 0.034090909375 0.5980113640625 0.0667613640625 0.5866477265625 0.0980113640625 0.5767045453125 0.12215909062500001 0.5539772734375 0.11931818125 0.5355113640625 0.09375 0.5340909093749999 0.0625 0.5369318187500001 0.015625 0.5696022734375 0 0.5838068187500001 0 0.6207386359375
1 0.40625 0.29829545468749996 0.40482954531250004 0.3125 0.42329545468749996 0.31392045468749996 0.41477272656249997 0.29403409062499997 0.403409090625 0.28835227343750003 0.40625 0.29829545468749996
1 0.5042613640625 0.30681818125000004 0.49005681875 0.29545454531250004 0.47585227343750003 0.296875 0.47443181875 0.30681818125000004 0.47869318125 0.3125 0.49431818125 0.31534090937500003 0.49857954531250004 0.3125 0.5042613640625 0.30681818125000004
1 0.48011363593749995 0.2613636359375 0.49005681875 0.2613636359375 0.49857954531250004 0.2542613640625 0.5 0.2485795453125 0.48295454531250004 0.2428977265625 0.46875 0.2542613640625 0.48011363593749995 0.2613636359375
1 0.49857954531250004 0.1988636359375 0.497159090625 0.205965909375 0.48295454531250004 0.20880681874999998 0.48295454531250004 0.2116477265625 0.49147727343750003 0.2173295453125 0.515625 0.2173295453125 0.515625 0.205965909375 0.49857954531250004 0.1988636359375
1 0.6264204546875 0.3707386359375 0.6051136359375 0.38068181874999996 0.6136363640625 0.40482954531250004 0.6221590906250001 0.42613636406250005 0.6505681812499999 0.43607954531250004 0.6576704546875 0.43607954531250004 0.6690340906250001 0.41619318125 0.6647727265625 0.403409090625 0.6605113640625 0.38778409062499997 0.6434659093749999 0.36931818125000004 0.6264204546875 0.3707386359375
1 0.1803977265625 0.296875 0.18892045468750002 0.30397727343750003 0.2017045453125 0.3082386359375 0.2357954546875 0.30965909062499997 0.25284090937500003 0.29829545468749996 0.26420454531250004 0.28835227343750003 0.24431818125000002 0.27272727343750003 0.2414772734375 0.26704545468749996 0.1761363640625 0.2855113640625 0.1803977265625 0.296875