1 0.4912458578125 0.3746736171875 0.4493957625 0.37887911875 0.417391653125 0.3696170671875 0.42695975781250006 0.40487046718749997 0.47697272343749997 0.4046068265625 0.4912458578125 0.3746736171875
1 0.44694782499999997 0.329896021875 0.4209396609375 0.3279743046875 0.39273164843749997 0.3319249921875 0.3933522640625 0.3496971109375 0.4169779078125 0.3577689515625 0.44694782499999997 0.329896021875
1 0.41064793125000004 0.3052219125 0.381756784375 0.304134790625 0.3484492875 0.3052979140625 0.3660856765625 0.3328554890625 0.3928868015625 0.3363680078125 0.41064793125000004 0.3052219125
1 0.3363259609375 0.3856424796875 0.2945675671875 0.38576868750000004 0.255431284375 0.38713535625 0.2187930875 0.388414790625 0.2077508796875 0.43031920156250003 0.2489145375 0.43926144999999994 0.3030909390625 0.4388523609375 0.3363259609375 0.3856424796875
1 0.56002235 0.9114892546875 0.669726253125 0.9346547515625 0.72204080625 0.8809293625000001 0.7139312390625 0.839693690625 0.660959915625 0.8029903234375 0.5495297531250001 0.8350550578125 0.56002235 0.9114892546875
1 0.48874302968750005 0.7805637765625 0.5764551906250001 0.7466286953125 0.5683972828125 0.706874125 0.5125555296875001 0.70734125625 0.47190380000000004 0.736934353125 0.44837128125000003 0.7792749921875 0.48874302968750005 0.7805637765625
1 0.680270146875 0.5941363796875 0.717634684375 0.563760803125 0.6829256125 0.548661871875 0.6443634140625 0.5425944203124999 0.6448753453125 0.581129765625 0.680270146875 0.5941363796875
1 0.2714625703125 0.916007040625 0.345350615625 0.9089118234375 0.4057282046875 0.8712158109375 0.401988884375 0.8357588093749999 0.30040104218749997 0.8393063359375 0.24196301875 0.813173528125 0.191784528125 0.8564446640625001 0.16122845624999999 0.8886507984375 0.163198865625 0.9212039859375001 0.20956557187499997 0.9358957671875 0.2714625703125 0.916007040625
1 0.0273142625 0.7596176109375 0.121750896875 0.7847495437500001 0.1850351921875 0.7825396062500001 0.2369720953125 0.7896227984374999 0.25649633125000004 0.751870621875 0.242242359375 0.72567778125 0.19602568125 0.7391541546875 0.0273142625 0.7596176109375
1 0.06788475000000001 0.6081094265625 0.138653140625 0.6002902265625 0.15718948593749998 0.558124115625 0.1267473515625 0.5458418203125001 0.07428801874999999 0.547673740625 0.0126122296875 0.5720697312499999 0.06788475000000001 0.6081094265625
1 0.6038618687499999 0.361622534375 0.6455479609375 0.3616496734375 0.6357677953125 0.34419741406250004 0.594081703125 0.3441702765625 0.6038618687499999 0.361622534375