1 0.47819364062499997 0.376275225 0.43701239843749995 0.38483221562500003 0.4042154625 0.3789662421875 0.4174161359375 0.41302638125 0.4671275671875 0.40753640625000004 0.47819364062499997 0.376275225
1 0.4294577421875 0.33637333125 0.40339118125000006 0.3371807359375 0.375750653125 0.3440583203125 0.3782255625 0.361668209375 0.40256551875 0.3672262796875 0.4294577421875 0.33637333125
1 0.39077755625 0.31562876093750003 0.36193104374999996 0.3175675421875 0.3289275875 0.3222058765625 0.3493479140625 0.3477689828125 0.37636937812500004 0.348460778125 0.39077755625 0.31562876093750003
1 0.3252689671875 0.40337753750000005 0.2837525234375 0.40786799531250006 0.2449734890625 0.4133180328125 0.2086697390625 0.41842019218750004 0.20206822343750003 0.46124927187500003 0.243941103125 0.465839759375 0.29777795937499996 0.45976993593750004 0.3252689671875 0.40337753750000005
1 0.60270588125 0.9029610296874999 0.7142302671875 0.91453244375 0.7606424046875 0.8556330078125001 0.7482669609375 0.815470909375 0.6917492734375 0.78450561875 0.5842812140625 0.828042321875 0.60270588125 0.9029610296874999
1 0.518131596875 0.7802034921875001 0.6018160796875 0.73728589375 0.5896468296874999 0.698591384375 0.5341598109375 0.704893009375 0.496824096875 0.7385732546875 0.47784629375 0.7831417640625 0.518131596875 0.7802034921875001
1 0.6891225390625 0.5747773296875 0.723107278125 0.5406624953125 0.6870100781249999 0.5292743640625 0.6480249062500001 0.527270996875 0.6525620734375 0.56554173125 0.6891225390625 0.5747773296875
1 0.3161991 0.937616778125 0.3889407265625 0.9228370234375 0.445047253125 0.8790363375 0.43762215156249995 0.8441644390624999 0.3369616359375 0.8583113515624999 0.2761121203125 0.838430140625 0.23073157812499998 0.8867093125000001 0.203709353125 0.921932996875 0.20907170156250002 0.9541018906250001 0.25672011562499997 0.9638665484375 0.3161991 0.937616778125
1 0.057041114062499995 0.8076045125 0.1535874171875 0.822727453125 0.21629403281249998 0.8139146125 0.268686815625 0.8155301171874999 0.28415791874999996 0.7759439125 0.267244134375 0.7513845046875 0.2226893015625 0.7696180109374999 0.057041114062499995 0.8076045125
1 0.08155243437500001 0.652685534375 0.15111581875 0.637511859375 0.1651430625 0.5936391624999999 0.13358384375000001 0.5846062203125 0.0816033765625 0.5919115984375 0.0228155296875 0.6226208203125 0.08155243437500001 0.652685534375
1 0.58882851875 0.35152405937500003 0.6302890859375 0.347193665625 0.6187382390625 0.33085931875 0.577277671875 0.33518971249999996 0.58882851875 0.35152405937500003